0000 0004
0001 2069
0002 0088
0003 0087
0004 0097
0005 0079
0006 0000
0007 0000
0008 0000
0009 0000
000a 0000
000b 0000
000c 0000
000d 0000
000e 0000
000f 0000
0010 0000
0011 0000
0012 0000
0013 0000
0014 0000
0015 0000
0016 0000
0017 0000
0018 0000
0019 0000
001a 0014
001b 0280
001c 0044
001d 1558
001e 0010
001f 0000
0020 0000
0021 0000
0022 0000
0023 0000
0024 0200
0025 0074
0026 0003
0027 0000
0028 3600
0029 2000
002a 0042
002b 0088
002c 61c1
002d 0000
002e 2c45
002f 0331
0030 0035
0031 0074
0032 7774
0033 41d1
0034 0110
0035 0240
0036 0088
0037 0241
0038 0088
0039 0000
003a 0000
003b 0000
003c 0009
003d 000f
003e 0000
003f 0000
0040 0000
0041 22d7
0042 c44c
0043 000b
0044 6666
0045 70bf
0046 0303
0047 36e2
0048 0000
0049 0030
004a 0003
004b 0000
004c 200c
004d 007f
004e e0c0
004f a18a
0050 000e
0051 0804
0052 2010
0053 8040
0054 0555
0055 4010
0056 0000
0057 0007
0058 0000
0059 0002
005a 0070
005b 007f
005c 05a0
005d 00ff
005e 0000
005f 1515
0060 2d77
0061 0000
0062 50ff
0063 1414
0064 0074
0065 0000
0066 0b2d
0067 03ff
0068 0070
0069 7676
006a 0030
006b 3818
006c 07ff
006d 18c0
006e 0606
006f 0000
0070 2400
0071 f300
0072 1f1f
0073 1d1d
0074 7777
0075 0000
0076 4aff
0077 037f
0078 0000
0079 6464
007a 0808
007b 0000
007c 0000
007d 0000
007e 0000
007f 0000
0080 0000
0081 0000
0082 0000
0083 0000
0084 0000
0085 0000
0086 0000
0087 0000
0088 0000
0089 0000
008a 0000
008b 0000
008c 0000
008d 0000
008e 0000
008f 0000
0090 0000
0091 0000
0092 0000
0093 0000
0094 0000
0095 0000
0096 0000
0097 0000
0098 0000
0099 0000
009a 0000
009b 0000
009c 0000
009d 0000
009e 0000
009f 0000
00a0 0000
00a1 0000
00a2 0000
00a3 0000
00a4 0000
00a5 0000
00a6 0000
00a7 0000
00a8 0000
00a9 0000
00aa 0000
00ab 0000
00ac 0000
00ad 0000
00ae 0000
00af 0000
00b0 0000
00b1 0000
00b2 0000
00b3 0000
00b4 0000
00b5 0000
00b6 0000
00b7 0000
00b8 0000
00b9 0000
00ba 0000
00bb 0000
00bc 0000
00bd 0000
00be 0000
00bf 0000
00c0 0000
00c1 0000
00c2 0000
00c3 0000
00c4 0000
00c5 0000
00c6 0000
00c7 0000
00c8 0000
00c9 0000
00ca 0000
00cb 0000
00cc 0000
00cd 0000
00ce 0000
00cf 0000
00d0 0000
00d1 0000
00d2 0000
00d3 0000
00d4 0000
00d5 0000
00d6 0000
00d7 0000
00d8 0000
00d9 0000
00da 0000
00db 0000
00dc 0000
00dd 0000
00de 0000
00df 0000
00e0 0000
00e1 0000
00e2 0000
00e3 0000
00e4 0000
00e5 0000
00e6 0000
00e7 0000
00e8 0000
00e9 0000
00ea 0000
00eb 0000
00ec 0000
00ed 0000
00ee 0000
00ef 0000
00f0 0000
00f1 0000
00f2 0000
00f3 0000
00f4 0000
00f5 0000
00f6 0000
00f7 0000
00f8 0000
00f9 0000
00fa 0000
00fb 0000
00fc 0000
00fd 0000
00fe 0000
00ff 0000
0100 0000
0101 0000
0102 0000
0103 0000
0104 0000
0105 0000
0106 0000
0107 0000
0108 0000
0109 0000
010a 0000
010b 0000
010c 0000
010d 0000
010e 0000
010f 36dc
0110 4444
0111 00aa
0112 0000
0113 001f
0114 0001
0115 3337
0116 3334
0117 1337
0118 7777
0119 00f0
011a 0073
011b 0523
011c 1000
011d 007c
011e 0000
011f 3f3f
0120 0005
0121 3000
0122 4200
0123 83e0
0124 0000
0125 0000
0126 010b
0127 0002
0128 0000
0129 0000
012a 0000
012b 0000
012c 0000
012d 0000
012e 0000
012f 0000
0130 0000
0131 0000
0132 0000
0133 0000
0134 0000
0135 0000
0136 0000
0137 0000
0138 0000
0139 0000
013a 0000
013b 0000
013c 0000
013d 0000
013e 0000
013f 0000
0140 0000
0141 0000
0142 0000
0143 0000
0144 0000
0145 15b5
0146 02bc
0147 0000
0148 0000
0149 0000
014a 0000
014b 0000
014c 0000
014d 0000
014e 0000
014f 0000
0150 0000
0151 0000
0152 0000
0153 0000
0154 0000
0155 0000
0156 0000
0157 0000
0158 0000
0159 0000
015a 0000
015b 0000
015c 0000
015d 0000
015e 0000
015f 0000
0160 0000
0161 0100
0162 0000
0163 0000
0164 0000
0165 0000
0166 0000
0167 0000
0168 0000
0169 0000
016a 0000
016b 0000
016c 0000
016d 0000
016e 0000
016f 0000
0170 0100
0171 0000
0172 0000
0173 0000
0174 0000
0175 0000
0176 0000
0177 0000
0178 0000
0179 0000
017a 0000
017b 0000
017c 0000
017d 0000
017e 0000
017f 0000
0180 0000
0181 0000
0182 0000
0183 0000
0184 0000
0185 0000
0186 0000
0187 0000
0188 0000
0189 0000
018a 0000
018b 0000
018c 0000
018d 0000
018e 0000
018f 0000
0190 0000
0191 0000
0192 0000
0193 0000
0194 0000
0195 0000
0196 0000
0197 0000
0198 0000
0199 0000
019a 0000
019b 0000
019c 0000
019d 0000
019e 0000
019f 0000
01a0 0000
01a1 0000
01a2 0000
01a3 0000
01a4 0000
01a5 0000
01a6 0000
01a7 0000
01a8 0000
01a9 0000
01aa 0000
01ab 0000
01ac 0000
01ad 0000
01ae 0000
01af 0000
01b0 0000
01b1 0000
01b2 0000
01b3 0000
01b4 0000
01b5 0000
01b6 0000
01b7 0000
01b8 0000
01b9 0000
01ba 0000
01bb 0000
01bc 0000
01bd 0000
01be 0000
01bf 0000
01c0 0000
01c1 0000
01c2 0000
01c3 0000
01c4 0000
01c5 0000
01c6 0000
01c7 0000
01c8 0000
01c9 0000
01ca 0000
01cb 0000
01cc 0000
01cd 0000
01ce 0000
01cf 0000
01d0 0000
01d1 0000
01d2 0000
01d3 0000
01d4 0000
01d5 0000
01d6 0000
01d7 0000
01d8 0000
01d9 0000
01da 0000
01db 0000
01dc 0000
01dd 0000
01de 0000
01df 0000
01e0 0000
01e1 0000
01e2 0000
01e3 0000
01e4 0000
01e5 0000
01e6 0000
01e7 0000
01e8 0000
01e9 0000
01ea 0000
01eb 0000
01ec 0000
01ed 0000
01ee 0000
01ef 0000
01f0 0000
01f1 0000
01f2 0000
01f3 0000
01f4 0000
01f5 0000
01f6 0000
01f7 0000
01f8 0000
01f9 0000
01fa 0000
01fb 0000
01fc 0000
01fd 0000
01fe 0000
01ff 0000
0200 0004
0201 2069
0202 0078
0203 0079
0204 0079
0205 00e2
0206 0000
0207 0000
0208 0000
0209 0000
020a 0000
020b 0000
020c 0000
020d 0000
020e 0000
020f 0000
0210 0000
0211 0000
0212 0000
0213 0000
0214 0000
0215 0000
0216 0000
0217 0000
0218 0000
0219 0000
021a 0014
021b 0280
021c 0044
021d 1558
021e 0010
021f 0000
0220 0000
0221 0000
0222 0000
0223 0000
0224 0000
0225 0000
0226 0003
0227 0000
0228 3600
0229 2000
022a 0042
022b 0088
022c 61a1
022d 0000
022e 2c45
022f 0331
0230 0035
0231 0074
0232 7774
0233 41d1
0234 0110
0235 0240
0236 0088
0237 0241
0238 0088
0239 0000
023a 0000
023b 0000
023c 0009
023d 000f
023e 0000
023f 0000
0240 0000
0241 22d7
0242 c44c
0243 000b
0244 6666
0245 70bf
0246 0303
0247 36e2
0248 0000
0249 0030
024a 0003
024b 0000
024c 200c
024d 007f
024e e000
024f 008a
0250 000e
0251 0804
0252 2010
0253 8040
0254 0555
0255 4010
0256 0000
0257 0007
0258 0000
0259 0002
025a 0070
025b 007f
025c 05a0
025d 00ff
025e 0000
025f 1515
0260 2d77
0261 0000
0262 50ff
0263 1414
0264 0074
0265 0000
0266 0b2d
0267 03ff
0268 0070
0269 7676
026a 0030
026b 3818
026c 07ff
026d 18c0
026e 0606
026f 0000
0270 2400
0271 f300
0272 1f1f
0273 1d1d
0274 7777
0275 0000
0276 4aff
0277 037f
0278 0000
0279 6464
027a 0808
027b 0000
027c 0000
027d 0000
027e 0000
027f 0000
0280 0000
0281 0000
0282 0000
0283 0000
0284 0000
0285 0000
0286 0000
0287 0000
0288 0000
0289 0000
028a 0000
028b 0000
028c 0000
028d 0000
028e 0000
028f 0000
0290 0000
0291 0000
0292 0000
0293 0000
0294 0000
0295 0000
0296 0000
0297 0000
0298 0000
0299 0000
029a 0000
029b 0000
029c 0000
029d 0000
029e 0000
029f 0000
02a0 0000
02a1 0000
02a2 0000
02a3 0000
02a4 0000
02a5 0000
02a6 0000
02a7 0000
02a8 0000
02a9 0000
02aa 0000
02ab 0000
02ac 0000
02ad 0000
02ae 0000
02af 0000
02b0 0000
02b1 0000
02b2 0000
02b3 0000
02b4 0000
02b5 0000
02b6 0000
02b7 0000
02b8 0000
02b9 0000
02ba 0000
02bb 0000
02bc 0000
02bd 0000
02be 0000
02bf 0000
02c0 0000
02c1 0000
02c2 0000
02c3 0000
02c4 0000
02c5 0000
02c6 0000
02c7 0000
02c8 0000
02c9 0000
02ca 0000
02cb 0000
02cc 0000
02cd 0000
02ce 0000
02cf 0000
02d0 0000
02d1 0000
02d2 0000
02d3 0000
02d4 0000
02d5 0000
02d6 0000
02d7 0000
02d8 0000
02d9 0000
02da 0000
02db 0000
02dc 0000
02dd 0000
02de 0000
02df 0000
02e0 0000
02e1 0000
02e2 0000
02e3 0000
02e4 0000
02e5 0000
02e6 0000
02e7 0000
02e8 0000
02e9 0000
02ea 0000
02eb 0000
02ec 0000
02ed 0000
02ee 0000
02ef 0000
02f0 0000
02f1 0000
02f2 0000
02f3 0000
02f4 0000
02f5 0000
02f6 0000
02f7 0000
02f8 0000
02f9 0000
02fa 0000
02fb 0000
02fc 0000
02fd 0000
02fe 0000
02ff 0000
0300 0000
0301 0000
0302 0000
0303 0000
0304 0000
0305 0000
0306 0000
0307 0000
0308 0000
0309 0000
030a 0000
030b 0000
030c 0000
030d 0000
030e 0000
030f 0000
0310 4444
0311 00aa
0312 0000
0313 0000
0314 0001
0315 0000
0316 0000
0317 0000
0318 7777
0319 00f0
031a 0000
031b 0000
031c 1000
031d 0000
031e 0000
031f 3f3f
0320 0005
0321 3000
0322 4200
0323 83e0
0324 0000
0325 0000
0326 010b
0327 0002
0328 0000
0329 0000
032a 0000
032b 0000
032c 0000
032d 0000
032e 0000
032f 0000
0330 0000
0331 0000
0332 0000
0333 0000
0334 0000
0335 0000
0336 0000
0337 0000
0338 0000
0339 0000
033a 0000
033b 0000
033c 0000
033d 0000
033e 0000
033f 0000
0340 0000
0341 0000
0342 0000
0343 0000
0344 0000
0345 0000
0346 0000
0347 0000
0348 0000
0349 0000
034a 0000
034b 0000
034c 0000
034d 0000
034e 0000
034f 0000
0350 0000
0351 0000
0352 0000
0353 0000
0354 0000
0355 0000
0356 0000
0357 0000
0358 0000
0359 0000
035a 0000
035b 0000
035c 0000
035d 0000
035e 0000
035f 0000
0360 0000
0361 0100
0362 0000
0363 0000
0364 0000
0365 0000
0366 0000
0367 0000
0368 0000
0369 0000
036a 0000
036b 0000
036c 0000
036d 0000
036e 0000
036f 0000
0370 0100
0371 0000
0372 0000
0373 0000
0374 0000
0375 0000
0376 0000
0377 0000
0378 0000
0379 0000
037a 0000
037b 0000
037c 0000
037d 0000
037e 0000
037f 0000
0380 0000
0381 0000
0382 0000
0383 0000
0384 0000
0385 0000
0386 0000
0387 0000
0388 0000
0389 0000
038a 0000
038b 0000
038c 0000
038d 0000
038e 0000
038f 0000
0390 0000
0391 0000
0392 0000
0393 0000
0394 0000
0395 0000
0396 0000
0397 0000
0398 0000
0399 0000
039a 0000
039b 0000
039c 0000
039d 0000
039e 0000
039f 0000
03a0 0000
03a1 0000
03a2 0000
03a3 0000
03a4 0000
03a5 0000
03a6 0000
03a7 0000
03a8 0000
03a9 0000
03aa 0000
03ab 0000
03ac 0000
03ad 0000
03ae 0000
03af 0000
03b0 0000
03b1 0000
03b2 0000
03b3 0000
03b4 0000
03b5 0000
03b6 0000
03b7 0000
03b8 0000
03b9 0000
03ba 0000
03bb 0000
03bc 0000
03bd 0000
03be 0000
03bf 0000
03c0 0000
03c1 0000
03c2 0000
03c3 0000
03c4 0000
03c5 0000
03c6 0000
03c7 0000
03c8 0000
03c9 0000
03ca 0000
03cb 0000
03cc 0000
03cd 0000
03ce 0000
03cf 0000
03d0 0000
03d1 0000
03d2 0000
03d3 0000
03d4 0000
03d5 0000
03d6 0000
03d7 0000
03d8 0000
03d9 0000
03da 0000
03db 0000
03dc 0000
03dd 0000
03de 0000
03df 0000
03e0 0000
03e1 0000
03e2 0000
03e3 0000
03e4 0000
03e5 0000
03e6 0000
03e7 0000
03e8 0000
03e9 0000
03ea 0000
03eb 0000
03ec 0000
03ed 0000
03ee 0000
03ef 0000
03f0 0000
03f1 0000
03f2 0000
03f3 0000
03f4 0000
03f5 0000
03f6 0000
03f7 0000
03f8 0000
03f9 0000
03fa 0000
03fb 0000
03fc 0000
03fd 0000
03fe 0000
03ff 0000
0400 0004
0401 2069
0402 0077
0403 0077
0404 0077
0405 0077
0406 0000
0407 83b3
0408 1414
0409 3838
040a 1937
040b 0168
040c 0211
040d 0001
040e 0000
040f 0000
0410 0f88
0411 4054
0412 011a
0413 0010
0414 0a06
0415 0bab
0416 01eb
0417 0000
0418 0000
0419 0000
041a 0004
041b 0280
041c 0044
041d 1558
041e 0014
041f 0000
0420 0000
0421 0000
0422 0000
0423 0000
0424 0000
0425 0000
0426 0003
0427 0000
0428 3600
0429 2000
042a 0042
042b 0088
042c 6060
042d 0000
042e 0400
042f 0030
0430 0035
0431 0074
0432 7774
0433 6060
0434 0110
0435 0240
0436 0088
0437 0240
0438 0088
0439 0000
043a 0000
043b 0000
043c 0000
043d 000f
043e 0000
043f 0000
0440 0000
0441 00d0
0442 c44c
0443 000c
0444 6666
0445 7080
0446 0303
0447 36e2
0448 0000
0449 6000
044a 0003
044b 0000
044c 0000
044d 0000
044e 0000
044f 0000
0450 000e
0451 0804
0452 2010
0453 8040
0454 0555
0455 4010
0456 0000
0457 0007
0458 0000
0459 0002
045a 0070
045b 007f
045c 05a0
045d 00ff
045e 0000
045f 1515
0460 2d77
0461 0000
0462 50ff
0463 1414
0464 0074
0465 ff02
0466 0b2d
0467 03ff
0468 0070
0469 7676
046a 0030
046b 3818
046c 07ff
046d 18c0
046e 0606
046f ff08
0470 2400
0471 f300
0472 1f1f
0473 1d1d
0474 7777
0475 0000
0476 4aff
0477 037f
0478 0000
0479 6464
047a 0808
047b 0000
047c 0000
047d 0000
047e 0000
047f 0000
0480 0000
0481 0000
0482 0000
0483 0000
0484 0000
0485 0000
0486 0000
0487 0000
0488 0000
0489 0000
048a 0000
048b 0000
048c 0000
048d 0000
048e 0000
048f 0000
0490 0000
0491 0000
0492 0000
0493 0000
0494 0000
0495 0000
0496 0000
0497 0000
0498 0000
0499 0000
049a 0000
049b 0000
049c 0000
049d 0000
049e 0000
049f 0000
04a0 0000
04a1 0000
04a2 0000
04a3 0000
04a4 0000
04a5 0000
04a6 0000
04a7 0000
04a8 0000
04a9 0000
04aa 0000
04ab 0000
04ac 0000
04ad 0000
04ae 0000
04af 0000
04b0 0000
04b1 0000
04b2 0000
04b3 0000
04b4 0000
04b5 0000
04b6 0000
04b7 0000
04b8 0000
04b9 0000
04ba 0000
04bb 0000
04bc 0000
04bd 0000
04be 0000
04bf 0000
04c0 0000
04c1 0000
04c2 0000
04c3 0000
04c4 0000
04c5 0000
04c6 0000
04c7 0000
04c8 0000
04c9 0000
04ca 0000
04cb 0000
04cc 0000
04cd 0000
04ce 0000
04cf 0000
04d0 0000
04d1 0000
04d2 0000
04d3 0000
04d4 0000
04d5 0000
04d6 0000
04d7 0000
04d8 0000
04d9 0000
04da 0000
04db 0000
04dc 0000
04dd 0000
04de 0000
04df 0000
04e0 0000
04e1 0000
04e2 0000
04e3 0000
04e4 0000
04e5 0000
04e6 0000
04e7 0000
04e8 0000
04e9 0000
04ea 0000
04eb 0000
04ec 0000
04ed 0000
04ee 0000
04ef 0000
04f0 0000
04f1 0000
04f2 0000
04f3 0000
04f4 0000
04f5 0000
04f6 0000
04f7 0000
04f8 0000
04f9 0000
04fa 0000
04fb 0000
04fc 0000
04fd 0000
04fe 0000
04ff 0000
0500 0000
0501 0000
0502 0000
0503 0000
0504 0000
0505 0000
0506 0000
0507 0000
0508 0000
0509 0000
050a 0000
050b 0000
050c 0000
050d 0000
050e 0000
050f 0000
0510 4444
0511 00aa
0512 0000
0513 0000
0514 0000
0515 0000
0516 0000
0517 0000
0518 7777
0519 00f0
051a 0000
051b 0000
051c 1000
051d 0000
051e 0000
051f 2020
0520 0001
0521 2000
0522 4200
0523 83e0
0524 0000
0525 0000
0526 0100
0527 0002
0528 0000
0529 0000
052a 0000
052b 0000
052c 0000
052d 0000
052e 0000
052f 0000
0530 0000
0531 0000
0532 0000
0533 0000
0534 0000
0535 0000
0536 0000
0537 0000
0538 0000
0539 0000
053a 0000
053b 0000
053c 0000
053d 0000
053e 0000
053f 0000
0540 0000
0541 0000
0542 0000
0543 0000
0544 0000
0545 0000
0546 0000
0547 0000
0548 0001
0549 0000
054a 0000
054b 0101
054c 0000
054d 0000
054e 0000
054f 0000
0550 0000
0551 0000
0552 0000
0553 0000
0554 0000
0555 0000
0556 0000
0557 0000
0558 0000
0559 0000
055a 0000
055b 0000
055c 0000
055d 0000
055e 0030
055f 0000
0560 0000
0561 0100
0562 0000
0563 0000
0564 0000
0565 0000
0566 0000
0567 0000
0568 0000
0569 0000
056a 0000
056b 0000
056c 0000
056d 0000
056e 0000
056f 0000
0570 0000
0571 0000
0572 0000
0573 0000
0574 0000
0575 0000
0576 0000
0577 0000
0578 0000
0579 0000
057a 0000
057b 0000
057c 0000
057d 0000
057e 0000
057f 0000
0580 0000
0581 0000
0582 0000
0583 0000
0584 0000
0585 0000
0586 0000
0587 0000
0588 0000
0589 0000
058a 0000
058b 0000
058c 0000
058d 0000
058e 0000
058f 0000
0590 0000
0591 0000
0592 0000
0593 0000
0594 0000
0595 0000
0596 0000
0597 0000
0598 0000
0599 0000
059a 0000
059b 0000
059c 0000
059d 0000
059e 0000
059f 0000
05a0 0000
05a1 0000
05a2 0000
05a3 0000
05a4 0000
05a5 0000
05a6 0000
05a7 0000
05a8 0000
05a9 0000
05aa 0000
05ab 0000
05ac 0000
05ad 0000
05ae 0000
05af 0000
05b0 0000
05b1 0000
05b2 0000
05b3 0000
05b4 0000
05b5 0000
05b6 0000
05b7 0000
05b8 0000
05b9 0000
05ba 0000
05bb 0000
05bc 0000
05bd 0000
05be 0000
05bf 0000
05c0 0000
05c1 0000
05c2 0000
05c3 0000
05c4 0000
05c5 0000
05c6 0000
05c7 0000
05c8 0000
05c9 0000
05ca 0000
05cb 0000
05cc 0000
05cd 0000
05ce 0000
05cf 0000
05d0 0000
05d1 0000
05d2 0000
05d3 0000
05d4 0000
05d5 0000
05d6 0000
05d7 0000
05d8 0000
05d9 0000
05da 0000
05db 0000
05dc 0000
05dd 0000
05de 0000
05df 0000
05e0 0000
05e1 0000
05e2 0000
05e3 0000
05e4 0000
05e5 0000
05e6 0000
05e7 0000
05e8 0000
05e9 0000
05ea 0000
05eb 0000
05ec 0000
05ed 0000
05ee 0000
05ef 0000
05f0 0000
05f1 0000
05f2 0000
05f3 0000
05f4 0000
05f5 0000
05f6 0000
05f7 0000
05f8 0000
05f9 0000
05fa 0000
05fb 0000
05fc 0000
05fd 0000
05fe 0000
05ff 0000
0600 0004
0601 2069
0602 0088
0603 0087
0604 0097
0605 0079
0606 0000
0607 0000
0608 0000
0609 0000
060a 0000
060b 0000
060c 0000
060d 0000
060e 0000
060f 0000
0610 0000
0611 0000
0612 0000
0613 0000
0614 0000
0615 0000
0616 0000
0617 0000
0618 0000
0619 0000
061a 0014
061b 0280
061c 0044
061d 1558
061e 0010
061f 0000
0620 0000
0621 0000
0622 0000
0623 0000
0624 0200
0625 0074
0626 0003
0627 0000
0628 3600
0629 2000
062a 0042
062b 0088
062c 61c1
062d 0000
062e 2c45
062f 0331
0630 0035
0631 0074
0632 7774
0633 41d1
0634 0110
0635 0240
0636 0088
0637 0241
0638 0088
0639 0000
063a 0000
063b 0000
063c 0009
063d 000f
063e 0000
063f 0000
0640 0000
0641 22d7
0642 c44c
0643 000b
0644 6666
0645 70bf
0646 0303
0647 36e2
0648 0000
0649 0030
064a 0003
064b 0000
064c 200c
064d 007f
064e e0c0
064f a18a
0650 000e
0651 0804
0652 2010
0653 8040
0654 0555
0655 4010
0656 0000
0657 0007
0658 0000
0659 0002
065a 0070
065b 007f
065c 05a0
065d 00ff
065e 0000
065f 1515
0660 2d77
0661 0000
0662 50ff
0663 1414
0664 0074
0665 0000
0666 0b2d
0667 03ff
0668 0070
0669 7676
066a 0030
066b 3818
066c 07ff
066d 18c0
066e 0606
066f 0000
0670 2400
0671 f300
0672 1f1f
0673 1d1d
0674 7777
0675 0000
0676 4aff
0677 037f
0678 0000
0679 6464
067a 0808
067b 0000
067c 0000
067d 0000
067e 0000
067f 0000
0680 0000
0681 0000
0682 0000
0683 0000
0684 0000
0685 0000
0686 0000
0687 0000
0688 0000
0689 0000
068a 0000
068b 0000
068c 0000
068d 0000
068e 0000
068f 0000
0690 0000
0691 0000
0692 0000
0693 0000
0694 0000
0695 0000
0696 0000
0697 0000
0698 0000
0699 0000
069a 0000
069b 0000
069c 0000
069d 0000
069e 0000
069f 0000
06a0 0000
06a1 0000
06a2 0000
06a3 0000
06a4 0000
06a5 0000
06a6 0000
06a7 0000
06a8 0000
06a9 0000
06aa 0000
06ab 0000
06ac 0000
06ad 0000
06ae 0000
06af 0000
06b0 0000
06b1 0000
06b2 0000
06b3 0000
06b4 0000
06b5 0000
06b6 0000
06b7 0000
06b8 0000
06b9 0000
06ba 0000
06bb 0000
06bc 0000
06bd 0000
06be 0000
06bf 0000
06c0 0000
06c1 0000
06c2 0000
06c3 0000
06c4 0000
06c5 0000
06c6 0000
06c7 0000
06c8 0000
06c9 0000
06ca 0000
06cb 0000
06cc 0000
06cd 0000
06ce 0000
06cf 0000
06d0 0000
06d1 0000
06d2 0000
06d3 0000
06d4 0000
06d5 0000
06d6 0000
06d7 0000
06d8 0000
06d9 0000
06da 0000
06db 0000
06dc 0000
06dd 0000
06de 0000
06df 0000
06e0 0000
06e1 0000
06e2 0000
06e3 0000
06e4 0000
06e5 0000
06e6 0000
06e7 0000
06e8 0000
06e9 0000
06ea 0000
06eb 0000
06ec 0000
06ed 0000
06ee 0000
06ef 0000
06f0 0000
06f1 0000
06f2 0000
06f3 0000
06f4 0000
06f5 0000
06f6 0000
06f7 0000
06f8 0000
06f9 0000
06fa 0000
06fb 0000
06fc 0000
06fd 0000
06fe 0000
06ff 0000
0700 0000
0701 0000
0702 0000
0703 0000
0704 0000
0705 0000
0706 0000
0707 0000
0708 0000
0709 0000
070a 0000
070b 0000
070c 0000
070d 0000
070e 0000
070f 36dc
0710 4444
0711 00aa
0712 0000
0713 001f
0714 0001
0715 3337
0716 3334
0717 1337
0718 7777
0719 00f0
071a 0073
071b 0523
071c 1000
071d 007c
071e 0000
071f 3f3f
0720 0005
0721 3000
0722 4200
0723 83e0
0724 0000
0725 0000
0726 010b
0727 0002
0728 0000
0729 0000
072a 0000
072b 0000
072c 0000
072d 0000
072e 0000
072f 0000
0730 0000
0731 0000
0732 0000
0733 0000
0734 0000
0735 0000
0736 0000
0737 0000
0738 0000
0739 0000
073a 0000
073b 0000
073c 0000
073d 0000
073e 0000
073f 0000
0740 0000
0741 0000
0742 0000
0743 0000
0744 0000
0745 15b5
0746 02bc
0747 0000
0748 0000
0749 0000
074a 0000
074b 0000
074c 0000
074d 0000
074e 0000
074f 0000
0750 0000
0751 0000
0752 0000
0753 0000
0754 0000
0755 0000
0756 0000
0757 0000
0758 0000
0759 0000
075a 0000
075b 0000
075c 0000
075d 0000
075e 0000
075f 0000
0760 0000
0761 0100
0762 0000
0763 0000
0764 0000
0765 0000
0766 0000
0767 0000
0768 0000
0769 0000
076a 0000
076b 0000
076c 0000
076d 0000
076e 0000
076f 0000
0770 0100
0771 0000
0772 0000
0773 0000
0774 0000
0775 0000
0776 0000
0777 0000
0778 0000
0779 0000
077a 0000
077b 0000
077c 0000
077d 0000
077e 0000
077f 0000
0780 0000
0781 0000
0782 0000
0783 0000
0784 0000
0785 0000
0786 0000
0787 0000
0788 0000
0789 0000
078a 0000
078b 0000
078c 0000
078d 0000
078e 0000
078f 0000
0790 0000
0791 0000
0792 0000
0793 0000
0794 0000
0795 0000
0796 0000
0797 0000
0798 0000
0799 0000
079a 0000
079b 0000
079c 0000
079d 0000
079e 0000
079f 0000
07a0 0000
07a1 0000
07a2 0000
07a3 0000
07a4 0000
07a5 0000
07a6 0000
07a7 0000
07a8 0000
07a9 0000
07aa 0000
07ab 0000
07ac 0000
07ad 0000
07ae 0000
07af 0000
07b0 0000
07b1 0000
07b2 0000
07b3 0000
07b4 0000
07b5 0000
07b6 0000
07b7 0000
07b8 0000
07b9 0000
07ba 0000
07bb 0000
07bc 0000
07bd 0000
07be 0000
07bf 0000
07c0 0000
07c1 0000
07c2 0000
07c3 0000
07c4 0000
07c5 0000
07c6 0000
07c7 0000
07c8 0000
07c9 0000
07ca 0000
07cb 0000
07cc 0000
07cd 0000
07ce 0000
07cf 0000
07d0 0000
07d1 0000
07d2 0000
07d3 0000
07d4 0000
07d5 0000
07d6 0000
07d7 0000
07d8 0000
07d9 0000
07da 0000
07db 0000
07dc 0000
07dd 0000
07de 0000
07df 0000
07e0 0000
07e1 0000
07e2 0000
07e3 0000
07e4 0000
07e5 0000
07e6 0000
07e7 0000
07e8 0000
07e9 0000
07ea 0000
07eb 0000
07ec 0000
07ed 0000
07ee 0000
07ef 0000
07f0 0000
07f1 0000
07f2 0000
07f3 0000
07f4 0000
07f5 0000
07f6 0000
07f7 0000
07f8 0000
07f9 0000
07fa 0000
07fb 0000
07fc 0000
07fd 0000
07fe 0000
07ff 0000
0800 0004
0801 2069
0802 0000
0803 0000
0804 0000
0805 0000
0806 0000
0807 0000
0808 0000
0809 0000
080a 0000
080b 0000
080c 0000
080d 0000
080e 0000
080f 0000
0810 0000
0811 0000
0812 0000
0813 0000
0814 0000
0815 0000
0816 0000
0817 0000
0818 0000
0819 0000
081a 0000
081b 0000
081c 0000
081d 0000
081e 0000
081f 0000
0820 0000
0821 0000
0822 0000
0823 0000
0824 0000
0825 0000
0826 0000
0827 0000
0828 0000
0829 0000
082a 0000
082b 0000
082c 0000
082d 0000
082e 0000
082f 0000
0830 0000
0831 0000
0832 0000
0833 0000
0834 0000
0835 0000
0836 0000
0837 0000
0838 0000
0839 0000
083a 0000
083b 0000
083c 0000
083d 0000
083e 0000
083f 0000
0840 0000
0841 0000
0842 0000
0843 0000
0844 0000
0845 0000
0846 0000
0847 0000
0848 0000
0849 0000
084a 0000
084b 0000
084c 0000
084d 0000
084e 0000
084f 0000
0850 0000
0851 0000
0852 0000
0853 0000
0854 0000
0855 0000
0856 0000
0857 0000
0858 0000
0859 0000
085a 0000
085b 0000
085c 0000
085d 0000
085e 0000
085f 0000
0860 0000
0861 0000
0862 0000
0863 0000
0864 0000
0865 0000
0866 0000
0867 0000
0868 0000
0869 0000
086a 0000
086b 0000
086c 0000
086d 0000
086e 0000
086f 0000
0870 0000
0871 0000
0872 0000
0873 0000
0874 0000
0875 0000
0876 0000
0877 0000
0878 0000
0879 0000
087a 0000
087b 0000
087c 0000
087d 0000
087e 0000
087f 0000
0880 0000
0881 0000
0882 0000
0883 0000
0884 0000
0885 0710
0886 0030
0887 0800
0888 0777
0889 0000
088a 018c
088b 8888
088c 002c
088d 0444
088e 0093
088f 3ea8
0890 0887
0891 0237
0892 7068
0893 0001
0894 0c34
0895 361a
0896 1f6f
0897 0fb7
0898 0000
0899 0c34
089a 361a
089b 1f6f
089c 0fb7
089d 0140
089e 0000
089f 0000
08a0 0003
08a1 1000
08a2 1000
08a3 0033
08a4 1922
08a5 1922
08a6 0000
08a7 0000
08a8 0000
08a9 0000
08aa 0000
08ab 0080
08ac 0000
08ad 3ff8
08ae 0000
08af 0418
08b0 0000
08b1 0418
08b2 0000
08b3 0418
08b4 0000
08b5 0418
08b6 0000
08b7 0006
08b8 0002
08b9 0080
08ba 000a
08bb 0000
08bc 02da
08bd aaab
08be 1044
08bf 0011
08c0 0011
08c1 1922
08c2 1922
08c3 0002
08c4 02e5
08c5 5555
08c6 0048
08c7 fce4
08c8 e4ea
08c9 0006
08ca 0006
08cb 0000
08cc ff06
08cd 0000
08ce 00c3
08cf 0f92
08d0 0001
08d1 1300
08d2 0000
08d3 0000
08d4 0000
08d5 1056
08d6 0cef
08d7 1f00
08d8 3504
08d9 04a4
08da 1d6f
08db 000b
08dc 2e79
08dd 0a09
08de 0000
08df 0000
08e0 0005
08e1 001e
08e2 0040
08e3 2082
08e4 0420
08e5 0000
08e6 00b9
08e7 5555
08e8 0040
08e9 01ce
08ea 003f
08eb 0488
08ec 06df
08ed 4524
08ee 0000
08ef 0000
08f0 0000
08f1 0000
08f2 0000
08f3 0000
08f4 0000
08f5 0000
08f6 0000
08f7 0000
08f8 0000
08f9 0000
08fa 0000
08fb 0000
08fc 0000
08fd 0000
08fe 0000
08ff 0000
0900 0000
0901 0000
0902 0000
0903 0000
0904 0000
0905 0000
0906 0000
0907 0000
0908 0001
0909 0000
090a 0000
090b 0100
090c 0c6a
090d 0000
090e 0000
090f 0000
0910 0000
0911 0000
0912 0000
0913 0000
0914 0000
0915 0000
0916 0000
0917 0000
0918 0000
0919 0000
091a 0000
091b 0000
091c 0000
091d 0000
091e 0000
091f 0000
0920 0000
0921 0000
0922 0000
0923 0000
0924 0000
0925 0000
0926 0000
0927 0000
0928 0000
0929 0000
092a 0000
092b 0000
092c 0000
092d 0000
092e 0000
092f 0000
0930 0000
0931 0000
0932 0000
0933 0000
0934 0000
0935 0000
0936 0000
0937 0000
0938 0000
0939 0000
093a 0000
093b 0000
093c 0000
093d 0000
093e 0000
093f 0000
0940 0000
0941 0000
0942 0000
0943 0000
0944 0000
0945 0000
0946 0000
0947 0000
0948 0000
0949 0000
094a 0000
094b 0000
094c 0000
094d 0000
094e 0000
094f 0000
0950 0000
0951 0000
0952 0000
0953 0000
0954 0000
0955 0000
0956 0000
0957 0000
0958 0000
0959 0000
095a 0000
095b 0000
095c 0000
095d 0000
095e 0000
095f 0000
0960 0000
0961 0000
0962 0000
0963 0000
0964 0000
0965 0000
0966 0000
0967 0000
0968 0000
0969 0000
096a 0000
096b d804
096c 0800
096d 0000
096e 0000
096f 0000
0970 0000
0971 0000
0972 0600
0973 0000
0974 0000
0975 0000
0976 0000
0977 0000
0978 0000
0979 0000
097a 0000
097b 0000
097c 0000
097d 0000
097e 0000
097f 0000
0980 0000
0981 0000
0982 0000
0983 0000
0984 0000
0985 0000
0986 0000
0987 0000
0988 0000
0989 0000
098a 0000
098b 0000
098c 0000
098d 0000
098e 0000
098f 0000
0990 0000
0991 0000
0992 0000
0993 0000
0994 0000
0995 0000
0996 0000
0997 0000
0998 0000
0999 0000
099a 0000
099b 0000
099c 0000
099d 0000
099e 0000
099f 0000
09a0 0000
09a1 0000
09a2 0000
09a3 0000
09a4 0000
09a5 0000
09a6 0000
09a7 0000
09a8 0000
09a9 0000
09aa 0000
09ab 0000
09ac 0000
09ad 0000
09ae 0000
09af 0000
09b0 0000
09b1 0000
09b2 0000
09b3 0000
09b4 0000
09b5 0000
09b6 0000
09b7 0000
09b8 0000
09b9 0000
09ba 0000
09bb 0000
09bc 0000
09bd 0000
09be 0000
09bf 0000
09c0 0000
09c1 0000
09c2 0000
09c3 0000
09c4 0000
09c5 0000
09c6 0000
09c7 0000
09c8 0000
09c9 0000
09ca 0000
09cb 0000
09cc 0000
09cd 0000
09ce 0000
09cf 0000
09d0 0000
09d1 0000
09d2 0000
09d3 0000
09d4 0000
09d5 0000
09d6 0000
09d7 0000
09d8 0000
09d9 0000
09da 0000
09db 0000
09dc 0000
09dd 0000
09de 0000
09df 0000
09e0 0000
09e1 0000
09e2 0000
09e3 0000
09e4 0000
09e5 0000
09e6 0000
09e7 0000
09e8 0000
09e9 0000
09ea 0000
09eb 0000
09ec 0000
09ed 0000
09ee 0000
09ef 0000
09f0 0000
09f1 0000
09f2 0000
09f3 0000
09f4 0000
09f5 0000
09f6 0000
09f7 0000
09f8 0000
09f9 0000
09fa 0000
09fb 0000
09fc 0000
09fd 0000
09fe 0000
09ff 0000
