7 973 16 2d3
7 989 16 352
68 8 16 ff
68 9 16 ff
68 10 16 6
68 11 16 c
68 12 16 12
68 13 16 19
69 8 16 1
69 9 16 1
69 10 16 2
69 11 16 3
69 12 16 4
69 13 16 5
100 8 16 ff
100 9 16 ff
100 10 16 6
100 11 16 c
100 12 16 12
100 13 16 19
101 8 16 1
101 9 16 1
101 10 16 2
101 11 16 3
101 12 16 4
101 13 16 5
11 8 16 b
11 9 16 c
11 10 16 e
11 11 16 20
11 12 16 24
11 13 16 28
68 16 16 f8
68 17 16 f8
68 18 16 fc
68 19 16 ff
68 20 16 2
68 21 16 2
68 22 16 2
69 16 16 1
69 17 16 1
69 18 16 2
69 19 16 3
69 20 16 4
69 21 16 4
69 22 16 4
100 16 16 f8
100 17 16 f8
100 18 16 fc
100 19 16 ff
100 20 16 2
100 21 16 2
100 22 16 2
101 16 16 1
101 17 16 1
101 18 16 2
101 19 16 3
101 20 16 4
101 21 16 4
101 22 16 4
11 16 16 0
11 17 16 0
11 18 16 0
11 19 16 3
11 20 16 3
11 21 16 3
11 22 16 3
68 0 16 e
68 1 16 e
100 0 16 c
100 1 16 c
7 249 16 c8a5
7 250 16 cca5
7 256 16 ff00
7 259 16 7cf
7 262 16 a7
12 99 16 3f
12 115 16 3f
7 257 16 ff00
7 260 16 7cf
7 263 16 a7
12 103 16 3f
12 119 16 3f
64 0 16 5e
64 1 16 5e
64 2 16 5e
64 3 16 5d
64 4 16 5d
64 5 16 5d
64 6 16 5d
64 7 16 5d
64 8 16 5c
64 9 16 5c
64 10 16 5c
64 11 16 5c
64 12 16 5c
64 13 16 5c
64 14 16 5b
64 15 16 5b
64 16 16 5b
64 17 16 5b
64 18 16 5b
64 19 16 5a
64 20 16 5a
64 21 16 5a
64 22 16 5a
64 23 16 5a
64 24 16 59
64 25 16 59
64 26 16 59
64 27 16 59
64 28 16 58
64 29 16 58
64 30 16 58
64 31 16 58
64 32 16 57
64 33 16 57
64 34 16 57
64 35 16 57
64 36 16 56
64 37 16 56
64 38 16 56
64 39 16 56
64 40 16 55
64 41 16 55
64 42 16 55
64 43 16 54
64 44 16 54
64 45 16 54
64 46 16 54
64 47 16 53
64 48 16 53
64 49 16 53
64 50 16 52
64 51 16 52
64 52 16 52
64 53 16 51
64 54 16 51
64 55 16 51
64 56 16 50
64 57 16 50
64 58 16 4f
64 59 16 4f
64 60 16 4f
64 61 16 4e
64 62 16 4e
64 63 16 4d
64 64 16 4d
64 65 16 4c
64 66 16 4c
64 67 16 4c
64 68 16 4b
64 69 16 4b
64 70 16 4a
64 71 16 4a
64 72 16 49
64 73 16 49
64 74 16 48
64 75 16 48
64 76 16 47
64 77 16 46
64 78 16 46
64 79 16 45
64 80 16 45
64 81 16 44
64 82 16 43
64 83 16 43
64 84 16 42
64 85 16 41
64 86 16 41
64 87 16 40
64 88 16 3f
64 89 16 3f
64 90 16 3e
64 91 16 3d
64 92 16 3c
64 93 16 3b
64 94 16 3a
64 95 16 3a
64 96 16 39
64 97 16 38
64 98 16 37
64 99 16 36
64 100 16 35
64 101 16 34
64 102 16 33
64 103 16 31
64 104 16 30
64 105 16 2f
64 106 16 2e
64 107 16 2c
64 108 16 2b
64 109 16 2a
64 110 16 28
64 111 16 27
64 112 16 25
64 113 16 24
64 114 16 22
64 115 16 20
64 116 16 1e
64 117 16 1d
64 118 16 1b
64 119 16 19
64 120 16 16
64 121 16 14
64 122 16 12
64 123 16 f
64 124 16 d
64 125 16 a
64 126 16 7
64 127 16 4
96 0 16 5f
96 1 16 5f
96 2 16 5f
96 3 16 5f
96 4 16 5e
96 5 16 5e
96 6 16 5e
96 7 16 5e
96 8 16 5e
96 9 16 5e
96 10 16 5e
96 11 16 5d
96 12 16 5d
96 13 16 5d
96 14 16 5d
96 15 16 5d
96 16 16 5d
96 17 16 5c
96 18 16 5c
96 19 16 5c
96 20 16 5c
96 21 16 5c
96 22 16 5b
96 23 16 5b
96 24 16 5b
96 25 16 5b
96 26 16 5b
96 27 16 5a
96 28 16 5a
96 29 16 5a
96 30 16 5a
96 31 16 5a
96 32 16 59
96 33 16 59
96 34 16 59
96 35 16 59
96 36 16 59
96 37 16 58
96 38 16 58
96 39 16 58
96 40 16 58
96 41 16 57
96 42 16 57
96 43 16 57
96 44 16 57
96 45 16 56
96 46 16 56
96 47 16 56
96 48 16 55
96 49 16 55
96 50 16 55
96 51 16 55
96 52 16 54
96 53 16 54
96 54 16 54
96 55 16 53
96 56 16 53
96 57 16 53
96 58 16 52
96 59 16 52
96 60 16 52
96 61 16 51
96 62 16 51
96 63 16 50
96 64 16 50
96 65 16 50
96 66 16 4f
96 67 16 4f
96 68 16 4e
96 69 16 4e
96 70 16 4e
96 71 16 4d
96 72 16 4d
96 73 16 4c
96 74 16 4c
96 75 16 4b
96 76 16 4b
96 77 16 4a
96 78 16 4a
96 79 16 49
96 80 16 48
96 81 16 48
96 82 16 47
96 83 16 47
96 84 16 46
96 85 16 45
96 86 16 45
96 87 16 44
96 88 16 43
96 89 16 43
96 90 16 42
96 91 16 41
96 92 16 40
96 93 16 40
96 94 16 3f
96 95 16 3e
96 96 16 3d
96 97 16 3c
96 98 16 3b
96 99 16 3a
96 100 16 39
96 101 16 38
96 102 16 37
96 103 16 36
96 104 16 35
96 105 16 34
96 106 16 33
96 107 16 31
96 108 16 30
96 109 16 2f
96 110 16 2d
96 111 16 2c
96 112 16 2a
96 113 16 28
96 114 16 27
96 115 16 25
96 116 16 23
96 117 16 21
96 118 16 1f
96 119 16 1d
96 120 16 1b
96 121 16 18
96 122 16 16
96 123 16 13
96 124 16 10
96 125 16 d
96 126 16 a
96 127 16 7
33 0 32 0
33 1 32 0
33 2 32 0
33 3 32 0
33 4 32 0
33 5 32 0
33 6 32 0
33 7 32 0
33 8 32 0
33 9 32 0
33 10 32 0
33 11 32 0
33 12 32 0
33 13 32 0
33 14 32 0
33 15 32 0
33 16 32 0
33 17 32 0
33 18 32 0
33 19 32 0
33 20 32 0
33 21 32 0
33 22 32 0
33 23 32 0
7 398 16 0
12 96 16 3f
12 97 16 fff7
12 98 16 ff00
12 100 16 a
12 101 16 2
12 102 16 ff02
68 32 16 3
68 33 16 3
68 34 16 3
68 35 16 3
68 36 16 3
68 37 16 3
68 38 16 3
68 39 16 3
68 40 16 3
68 41 16 3
69 32 16 2
69 33 16 2
69 34 16 2
69 35 16 2
69 36 16 2
69 37 16 2
69 38 16 2
69 39 16 2
69 40 16 2
69 41 16 2
100 32 16 3
100 33 16 3
100 34 16 3
100 35 16 3
100 36 16 3
100 37 16 3
100 38 16 3
100 39 16 3
100 40 16 3
100 41 16 3
101 32 16 2
101 33 16 2
101 34 16 2
101 35 16 2
101 36 16 2
101 37 16 2
101 38 16 2
101 39 16 2
101 40 16 2
101 41 16 2
7 330 16 40db
7 874 16 141
7 346 16 40db
7 890 16 141
4 1 16 8
4 2 16 6
4 3 16 4
4 61 16 4
4 62 16 6
4 63 16 8
7 48 16 2a
7 49 16 7
7 50 16 a
7 51 16 0
7 52 16 8
7 53 16 2b
7 54 16 1f
7 55 16 1f
7 160 16 1
7 161 16 2
7 162 16 2
7 163 16 2
7 164 16 10
7 165 16 1
7 166 16 1
7 167 16 1
7 64 16 2a
7 65 16 7
7 66 16 8
7 67 16 c
7 68 16 e
7 69 16 2b
7 70 16 1f
7 71 16 1f
7 176 16 1
7 177 16 6
7 178 16 12
7 179 16 8
7 180 16 10
7 181 16 1
7 182 16 1
7 183 16 1
7 80 16 2a
7 81 16 7
7 82 16 8
7 83 16 e
7 84 16 2b
7 85 16 1f
7 86 16 1f
7 87 16 1f
7 192 16 1
7 193 16 6
7 194 16 1e
7 195 16 1c
7 196 16 1
7 197 16 1
7 198 16 1
7 199 16 1
7 16 16 b3
7 17 16 4
7 18 16 3
7 19 16 6
7 20 16 5
7 21 16 0
7 22 16 2
7 23 16 1
7 24 16 8
7 25 16 2a
7 26 16 f
7 27 16 0
7 28 16 f
7 29 16 2b
7 30 16 1f
7 31 16 1f
7 128 16 1
7 129 16 8
7 130 16 4
7 131 16 2
7 132 16 2
7 133 16 1
7 134 16 3
7 135 16 4
7 136 16 6
7 137 16 4
7 138 16 a
7 139 16 4
7 140 16 2
7 141 16 1
7 142 16 1
7 143 16 1
12 64 16 3f
12 65 16 5
12 67 16 ff00
12 68 16 1
12 69 16 fe05
12 72 16 9
12 73 16 14
12 75 16 ff02
12 76 16 ff00
12 77 16 4f4
14 0 32 2d400
14 1 32 2b3c8
14 2 32 24b96
14 3 32 1ab6e
14 4 32 e354
14 5 32 34b
14 6 32 f2354
14 7 32 e5b6e
14 8 32 dbb96
14 9 32 d53c8
14 10 32 d2c00
14 11 32 d5038
14 12 32 db86a
14 13 32 e5892
14 14 32 f20ac
14 15 32 b5
14 16 32 e0ac
14 17 32 1a892
14 18 32 2486a
14 19 32 2b038
14 20 32 2d400
14 21 32 2b3c8
14 22 32 24b96
14 23 32 1ab6e
14 24 32 e354
14 25 32 34b
14 26 32 f2354
14 27 32 e5b6e
14 28 32 dbb96
14 29 32 d53c8
14 30 32 d2c00
14 31 32 d5038
14 32 32 db86a
14 33 32 e5892
14 34 32 f20ac
14 35 32 b5
14 36 32 e0ac
14 37 32 1a892
14 38 32 2486a
14 39 32 2b038
14 40 32 2d400
14 41 32 e354
14 42 32 dbb96
14 43 32 db86a
14 44 32 e0ac
14 45 32 2d400
14 46 32 e354
14 47 32 dbb96
14 48 32 db86a
14 49 32 e0ac
14 50 32 2d400
14 51 32 e354
14 52 32 dbb96
14 53 32 db86a
14 54 32 e0ac
14 55 32 2d400
14 56 32 e354
14 57 32 dbb96
14 58 32 db86a
14 59 32 e0ac
14 60 32 2d400
14 61 32 e354
14 62 32 dbb96
14 63 32 db86a
14 64 32 e0ac
14 65 32 2d400
14 66 32 e354
14 67 32 dbb96
14 68 32 db86a
14 69 32 e0ac
14 70 32 2d400
14 71 32 e354
14 72 32 dbb96
14 73 32 db86a
14 74 32 e0ac
14 75 32 2d400
14 76 32 e354
14 77 32 dbb96
14 78 32 db86a
14 79 32 e0ac
14 80 32 2d400
14 81 32 e354
14 82 32 dbb96
14 83 32 db86a
14 84 32 e0ac
14 85 32 2d400
14 86 32 e354
14 87 32 dbb96
14 88 32 db86a
14 89 32 e0ac
14 90 32 2d400
14 91 32 e354
14 92 32 dbb96
14 93 32 db86a
14 94 32 e0ac
14 95 32 2d400
14 96 32 e354
14 97 32 dbb96
14 98 32 db86a
14 99 32 e0ac
14 100 32 2d400
14 101 32 e354
14 102 32 dbb96
14 103 32 db86a
14 104 32 e0ac
14 105 32 2d400
14 106 32 e354
14 107 32 dbb96
14 108 32 db86a
14 109 32 e0ac
14 110 32 2d400
14 111 32 e354
14 112 32 dbb96
14 113 32 db86a
14 114 32 e0ac
14 115 32 2d400
14 116 32 e354
14 117 32 dbb96
14 118 32 db86a
14 119 32 e0ac
14 120 32 2d400
14 121 32 e354
14 122 32 dbb96
14 123 32 db86a
14 124 32 e0ac
14 125 32 2d400
14 126 32 e354
14 127 32 dbb96
14 128 32 db86a
14 129 32 e0ac
14 130 32 2d400
14 131 32 e354
14 132 32 dbb96
14 133 32 db86a
14 134 32 e0ac
14 135 32 2d400
14 136 32 e354
14 137 32 dbb96
14 138 32 db86a
14 139 32 e0ac
14 140 32 2d400
14 141 32 e354
14 142 32 dbb96
14 143 32 db86a
14 144 32 e0ac
14 145 32 2d400
14 146 32 e354
14 147 32 dbb96
14 148 32 db86a
14 149 32 e0ac
14 150 32 2d400
14 151 32 e354
14 152 32 dbb96
14 153 32 db86a
14 154 32 e0ac
14 155 32 2d400
14 156 32 e354
14 157 32 dbb96
14 158 32 db86a
14 159 32 e0ac
12 0 16 100
12 32 16 100
12 1 16 200
12 33 16 200
12 2 16 300
12 34 16 300
12 3 16 500
12 35 16 500
12 4 16 800
12 36 16 800
12 5 16 b00
12 37 16 b00
12 6 16 1000
12 38 16 1000
12 7 16 1001
12 39 16 1600
12 8 16 1002
12 40 16 2000
12 9 16 1003
12 41 16 2d00
12 10 16 1004
12 42 16 4000
12 11 16 1005
12 43 16 4001
12 12 16 1006
12 44 16 4002
12 13 16 1007
12 45 16 4003
12 14 16 1607
12 46 16 4004
12 15 16 2007
12 47 16 4005
12 16 16 2d07
12 48 16 4006
12 17 16 4007
12 49 16 4007
12 112 16 3f
12 113 16 fff7
12 114 16 ff00
12 116 16 a
12 117 16 2
12 118 16 ff02
66 0 16 0
98 0 16 0
66 1 16 0
98 1 16 0
66 2 16 0
98 2 16 0
66 3 16 0
98 3 16 0
66 4 16 0
98 4 16 0
66 5 16 0
98 5 16 0
66 6 16 0
98 6 16 0
66 7 16 0
98 7 16 0
66 8 16 0
98 8 16 0
66 9 16 0
98 9 16 0
66 10 16 0
98 10 16 0
66 11 16 0
98 11 16 0
66 12 16 0
98 12 16 0
66 13 16 0
98 13 16 0
66 14 16 0
98 14 16 0
66 15 16 0
98 15 16 0
66 16 16 0
98 16 16 0
66 17 16 0
98 17 16 0
66 18 16 0
98 18 16 0
66 19 16 0
98 19 16 0
66 20 16 0
98 20 16 0
66 21 16 0
98 21 16 0
66 22 16 0
98 22 16 0
66 23 16 0
98 23 16 0
66 24 16 0
98 24 16 0
66 25 16 0
98 25 16 0
66 26 16 0
98 26 16 0
66 27 16 0
98 27 16 0
66 28 16 0
98 28 16 0
66 29 16 0
98 29 16 0
66 30 16 0
98 30 16 0
66 31 16 0
98 31 16 0
66 32 16 0
98 32 16 0
66 33 16 0
98 33 16 0
66 34 16 0
98 34 16 0
66 35 16 0
98 35 16 0
66 36 16 0
98 36 16 0
66 37 16 0
98 37 16 0
66 38 16 0
98 38 16 0
66 39 16 0
98 39 16 0
66 40 16 0
98 40 16 0
66 41 16 0
98 41 16 0
66 42 16 0
98 42 16 0
66 43 16 0
98 43 16 0
66 44 16 0
98 44 16 0
66 45 16 0
98 45 16 0
66 46 16 0
98 46 16 0
66 47 16 0
98 47 16 0
66 48 16 0
98 48 16 0
66 49 16 0
98 49 16 0
66 50 16 0
98 50 16 0
66 51 16 0
98 51 16 0
66 52 16 0
98 52 16 0
66 53 16 0
98 53 16 0
66 54 16 0
98 54 16 0
66 55 16 0
98 55 16 0
66 56 16 0
98 56 16 0
66 57 16 0
98 57 16 0
66 58 16 0
98 58 16 0
66 59 16 0
98 59 16 0
66 60 16 0
98 60 16 0
66 61 16 0
98 61 16 0
66 62 16 0
98 62 16 0
66 63 16 0
98 63 16 0
66 64 16 0
98 64 16 0
66 65 16 0
98 65 16 0
66 66 16 0
98 66 16 0
66 67 16 0
98 67 16 0
66 68 16 0
98 68 16 0
66 69 16 0
98 69 16 0
66 70 16 0
98 70 16 0
66 71 16 0
98 71 16 0
66 72 16 0
98 72 16 0
66 73 16 0
98 73 16 0
66 74 16 0
98 74 16 0
66 75 16 0
98 75 16 0
66 76 16 0
98 76 16 0
66 77 16 0
98 77 16 0
66 78 16 0
98 78 16 0
66 79 16 0
98 79 16 0
66 80 16 0
98 80 16 0
66 81 16 0
98 81 16 0
66 82 16 0
98 82 16 0
66 83 16 0
98 83 16 0
66 84 16 0
98 84 16 0
66 85 16 0
98 85 16 0
66 86 16 0
98 86 16 0
66 87 16 0
98 87 16 0
66 88 16 0
98 88 16 0
66 89 16 0
98 89 16 0
66 90 16 0
98 90 16 0
66 91 16 0
98 91 16 0
66 92 16 0
98 92 16 0
66 93 16 0
98 93 16 0
66 94 16 0
98 94 16 0
66 95 16 0
98 95 16 0
66 96 16 0
98 96 16 0
66 97 16 0
98 97 16 0
66 98 16 0
98 98 16 0
66 99 16 0
98 99 16 0
66 100 16 0
98 100 16 0
66 101 16 0
98 101 16 0
66 102 16 0
98 102 16 0
66 103 16 0
98 103 16 0
66 104 16 0
98 104 16 0
66 105 16 0
98 105 16 0
66 106 16 0
98 106 16 0
66 107 16 0
98 107 16 0
66 108 16 0
98 108 16 0
66 109 16 0
98 109 16 0
66 110 16 0
98 110 16 0
66 111 16 0
98 111 16 0
66 112 16 0
98 112 16 0
66 113 16 0
98 113 16 0
66 114 16 0
98 114 16 0
66 115 16 0
98 115 16 0
66 116 16 0
98 116 16 0
66 117 16 0
98 117 16 0
66 118 16 0
98 118 16 0
66 119 16 0
98 119 16 0
66 120 16 0
98 120 16 0
66 121 16 0
98 121 16 0
66 122 16 0
98 122 16 0
66 123 16 0
98 123 16 0
66 124 16 0
98 124 16 0
66 125 16 0
98 125 16 0
66 126 16 0
98 126 16 0
66 127 16 0
98 127 16 0
12 95 16 acdc
