1 776 0000
1 778 0000
1 780 0000
1 782 0000
1 784 0000
1 786 0000
4 0 00000000
4 4 00040000
1 1512 0040
1 4404 0000
1 4406 0000
1 4408 0000
1 4410 0000
1 4412 0000
1 4414 0000
1 4416 0000
1 4418 0000
4 496 9e8d6a8c
4 500 8006882a
2 12 000f
2 16 03ff
1 16 0009
1 564 0516
1 552 0524
1 558 0532
1 502 04c6
1 510 04c6
1 572 0540
1 500 04da
1 508 04da
1 498 04ee
1 506 04ee
1 496 04ee
1 504 04ee
1 1506 0015
1 4356 c3fb
1 4358 a85e
1 4360 3f31
1 4362 ea60
1 4364 f225
1 4366 fea8
1 4368 1214
1 4370 b15c
1 1508 0020
1 4372 0000
1 4374 0000
1 4376 0000
1 4378 0000
1 4380 0000
1 4382 0000
1 4384 0000
1 4386 0000
1 96 0000
1 160 1006
1 1492 0001
1 1494 0001
1 1496 0001
1 1498 0003
1 1500 0000
1 1502 0000
1 2618 0000
1 2646 0000
1 2674 0000
1 2458 0000
1 2478 0000
1 2702 0000
1 2498 0000
1 2518 0000
1 2538 0000
1 2558 0000
1 2578 0000
1 2598 0000
4 504 4d353884
4 508 80086e18
1 164 0000
1 180 0000
1 214 0000
1 2462 0044
1 2482 003c
1 2502 0034
1 2522 0030
1 2542 002c
1 2562 002c
1 2582 0028
1 2602 0028
1 34 0040
1 90 0f0f
1 94 0110
1 98 1140
1 120 0060
1 212 8081
1 12 00c0
1 14 000a
1 28 0183
1 148 0200
1 6098 042b
1 6100 0100
1 2450 003c
1 2460 0054
1 2464 0014
1 2466 01cf
1 2468 0002
1 2470 0034
1 2480 0044
1 2490 0030
1 2500 003c
1 2510 002c
1 2520 0034
1 2530 002c
1 2540 0030
1 2550 0028
1 2560 002c
1 2570 0028
1 2580 002c
1 2590 0028
1 2600 002c
1 82 000b
1 80 0001
1 100 0480
1 50 0032
1 384 0527
1 386 01f4
1 184 7148
1 150 0400
1 608 0000
1 610 000f
1 612 03ff
1 614 000f
1 616 0003
1 618 0001
1 620 0004
1 622 0103
1 624 0000
1 626 0000
1 628 0000
1 630 0000
1 632 0000
1 634 0000
1 636 0000
1 638 0000
1 576 0000
1 578 000f
1 580 03ff
1 582 000f
1 584 0007
1 586 000f
1 588 0016
1 590 0100
1 592 0000
1 594 0000
1 596 0000
1 598 0000
1 600 0000
1 602 0000
1 604 0000
1 606 0000
1 640 0bc0
1 642 0007
1 644 000f
1 646 0007
1 648 0002
1 650 0002
1 652 0004
1 654 0100
1 656 0000
1 658 0000
1 660 0000
1 662 0000
1 664 0000
1 666 0000
1 668 0000
1 670 0000
1 672 05e0
1 674 0003
1 676 0007
1 678 0003
1 680 0002
1 682 0000
1 684 0002
1 686 0100
1 688 0000
1 690 0000
1 692 0000
1 694 0000
1 696 0000
1 698 0000
1 700 0000
1 702 0000
1 2082 1001
1 2084 8491
1 18 0001
1 1640 1000
