0000 0004
0001 2069
0002 0088
0003 0087
0004 0097
0005 005b
000e 0005
0017 0011
001a 0084
001b 0280
001c 0044
001e 0010
001f 0000
0020 0004
0021 0000
0022 0280
0023 0000
0024 0003
0025 0000
002c 61c1
0033 41a1
003a 0000
003d 000f
0043 000c
0045 70ff
0049 0030
004e 8400
0065 0000
006f 0000
011d 0000
0121 2000
0122 5830
0126 0100
0127 0002
0144 0003
015f 2000
0161 4100
0166 0000
016e 0003
0170 0000
0171 2000
0202 0087
0203 0088
0204 006a
0205 00e1
020e 0005
0217 0011
021a 0084
021b 0280
021c 0044
021e 0010
021f 0000
0220 0004
0221 0000
0222 0280
0223 0000
0224 0003
0225 0000
022c 61a1
0233 41b1
023a 0000
023d 000f
0243 000c
0245 70ff
0249 0030
024e 8600
0265 0000
026f 0000
031d 0000
0321 2000
0322 5830
0326 0100
0327 0002
0344 0003
035f 2000
0361 4100
0366 0000
036e 0003
0370 0000
0371 2000
0407 8302
040b 0168
040c 0201
0410 0f89
0411 4055
0413 0010
0414 0a7e
0415 0b53
0416 01eb
0548 0001
054b 0100
055e 0020
0645 70ff
08c9 0006
08cc ff02
08d0 0000
08dc 0e21
08e5 0000
08e8 0000
08ea 00bf
08ec 06ff
08ed 4124
090b 0100
096b d800
096c 0000
