1 0 16 0
1 1 16 8
1 2 16 a
1 3 16 10
1 4 16 12
1 5 16 19
1 6 16 1a
1 7 16 1c
1 8 16 80
1 9 16 88
1 10 16 8a
1 11 16 90
1 12 16 92
1 13 16 99
1 14 16 9a
1 15 16 9c
1 16 16 100
1 17 16 108
1 18 16 10a
1 19 16 110
1 20 16 112
1 21 16 119
1 22 16 11a
1 23 16 11c
1 24 16 180
1 25 16 188
1 26 16 18a
1 27 16 190
1 28 16 192
1 29 16 199
1 30 16 19a
1 31 16 19c
1 32 16 0
1 33 16 98
1 34 16 a0
1 35 16 a8
1 36 16 9a
1 37 16 a2
1 38 16 aa
1 39 16 120
1 40 16 128
1 41 16 128
1 42 16 130
1 43 16 138
1 44 16 138
1 45 16 140
1 46 16 122
1 47 16 12a
1 48 16 12a
1 49 16 132
1 50 16 13a
1 51 16 13a
1 52 16 142
1 53 16 1a8
1 54 16 1b0
1 55 16 1b8
1 56 16 1b0
1 57 16 1b8
1 58 16 1c0
1 59 16 1c8
1 60 16 1c0
1 61 16 1c8
1 62 16 1d0
1 63 16 1d0
1 64 16 1d8
1 65 16 1aa
1 66 16 1b2
1 67 16 1ba
1 68 16 1b2
1 69 16 1ba
1 70 16 1c2
1 71 16 1ca
1 72 16 1c2
1 73 16 1ca
1 74 16 1d2
1 75 16 1d2
1 76 16 1da
1 77 16 1
1 78 16 2
1 79 16 4
1 80 16 9
1 81 16 c
1 82 16 11
1 83 16 14
1 84 16 18
1 85 16 20
1 86 16 21
1 87 16 22
1 88 16 24
1 89 16 81
1 90 16 82
1 91 16 84
1 92 16 89
1 93 16 8c
1 94 16 91
1 95 16 94
1 96 16 98
1 97 16 a0
1 98 16 a1
1 99 16 a2
1 100 16 a4
1 101 16 7
1 102 16 7
1 103 16 7
1 104 16 7
1 105 16 7
1 106 16 7
1 107 16 7
1 108 16 7
1 109 16 7
1 110 16 7
1 111 16 7
1 112 16 7
1 113 16 7
1 114 16 7
1 115 16 7
1 116 16 7
1 117 16 7
1 118 16 7
1 119 16 7
1 120 16 7
1 121 16 7
1 122 16 7
1 123 16 7
1 124 16 7
1 125 16 7
1 126 16 7
1 127 16 7
2 0 16 9
2 1 16 e
2 2 16 11
2 3 16 14
2 4 16 17
2 5 16 1a
2 6 16 1d
2 7 16 20
2 8 16 9
2 9 16 e
2 10 16 11
2 11 16 14
2 12 16 17
2 13 16 1a
2 14 16 1d
2 15 16 20
2 16 16 22
2 17 16 24
2 18 16 9
2 19 16 e
2 20 16 11
2 21 16 14
2 22 16 17
2 23 16 1a
2 24 16 1d
2 25 16 20
2 26 16 22
2 27 16 24
2 28 16 9
2 29 16 e
2 30 16 11
2 31 16 14
2 32 16 17
2 33 16 1a
2 34 16 1d
2 35 16 20
2 36 16 22
2 37 16 24
3 0 32 0
3 1 32 0
3 2 32 0
3 3 32 0
3 4 32 0
3 5 32 0
3 6 32 0
3 7 32 0
3 8 32 0
3 9 32 0
3 10 32 0
3 11 32 0
3 12 32 0
3 13 32 0
3 14 32 0
3 15 32 0
3 16 32 0
3 17 32 0
3 18 32 0
3 19 32 0
3 20 32 0
3 21 32 0
3 22 32 0
3 23 32 0
3 24 32 0
3 25 32 0
3 26 32 0
3 27 32 0
3 28 32 0
3 29 32 0
3 30 32 0
3 31 32 0
3 32 32 0
3 33 32 0
3 34 32 0
3 35 32 0
3 36 32 0
3 37 32 0
3 38 32 0
3 39 32 0
3 40 32 0
3 41 32 0
3 42 32 0
3 43 32 0
3 44 32 0
3 45 32 0
3 46 32 0
3 47 32 0
3 48 32 0
3 49 32 0
3 50 32 0
3 51 32 0
3 52 32 0
3 53 32 0
3 54 32 0
3 55 32 0
3 56 32 0
3 57 32 0
3 58 32 0
3 59 32 0
3 60 32 0
3 61 32 0
3 62 32 0
3 63 32 0
3 64 32 0
3 65 32 0
3 66 32 0
3 67 32 0
3 68 32 0
3 69 32 0
3 70 32 0
3 71 32 0
3 72 32 0
3 73 32 0
3 74 32 0
3 75 32 0
3 76 32 0
3 77 32 0
3 78 32 0
3 79 32 0
3 80 32 0
3 81 32 0
3 82 32 0
3 83 32 0
3 84 32 0
3 85 32 0
3 86 32 0
3 87 32 0
3 88 32 0
3 89 32 0
3 90 32 0
3 91 32 0
3 92 32 0
3 93 32 0
3 94 32 0
3 95 32 0
3 96 32 0
3 97 32 0
3 98 32 0
3 99 32 0
3 100 32 0
3 101 32 0
3 102 32 0
3 103 32 0
3 104 32 0
3 105 32 0
3 106 32 0
3 107 32 0
3 108 32 0
3 109 32 0
3 110 32 0
3 111 32 0
3 112 32 0
3 113 32 0
3 114 32 0
3 115 32 0
3 116 32 0
3 117 32 0
3 118 32 0
3 119 32 0
3 120 32 0
3 121 32 0
3 122 32 0
3 123 32 0
3 124 32 0
3 125 32 0
3 126 32 0
3 127 32 0
3 128 32 0
3 129 32 0
3 130 32 0
3 131 32 0
3 132 32 0
3 133 32 0
3 134 32 0
3 135 32 0
3 136 32 0
3 137 32 0
3 138 32 0
3 139 32 0
3 140 32 0
3 141 32 0
3 142 32 0
3 143 32 0
3 144 32 0
3 145 32 0
3 146 32 0
3 147 32 0
3 148 32 0
3 149 32 0
3 150 32 0
3 151 32 0
3 152 32 0
3 153 32 0
3 154 32 0
3 155 32 0
3 156 32 0
3 157 32 0
3 158 32 0
3 159 32 0
3 160 32 0
3 161 32 0
3 162 32 0
3 163 32 0
3 164 32 0
3 165 32 0
3 166 32 0
3 167 32 0
3 168 32 0
3 169 32 0
3 170 32 0
3 171 32 0
3 172 32 0
3 173 32 0
3 174 32 0
3 175 32 0
3 176 32 0
3 177 32 0
3 178 32 0
3 179 32 0
3 180 32 0
3 181 32 0
3 182 32 0
3 183 32 0
3 184 32 0
3 185 32 0
3 186 32 0
3 187 32 0
3 188 32 0
3 189 32 0
3 190 32 0
3 191 32 0
3 192 32 0
3 193 32 0
3 194 32 0
3 195 32 0
3 196 32 0
3 197 32 0
3 198 32 0
3 199 32 0
3 200 32 0
3 201 32 0
3 202 32 0
3 203 32 0
3 204 32 0
3 205 32 0
3 206 32 0
3 207 32 0
3 208 32 0
3 209 32 0
3 210 32 0
3 211 32 0
3 212 32 0
3 213 32 0
3 214 32 0
3 215 32 0
3 216 32 0
3 217 32 0
3 218 32 0
3 219 32 0
3 220 32 0
3 221 32 0
3 222 32 0
3 223 32 0
3 224 32 0
3 225 32 0
3 226 32 0
3 227 32 0
3 228 32 0
3 229 32 0
3 230 32 0
3 231 32 0
3 232 32 0
3 233 32 0
3 234 32 0
3 235 32 0
3 236 32 0
3 237 32 0
3 238 32 0
3 239 32 0
3 240 32 0
3 241 32 0
3 242 32 0
3 243 32 0
3 244 32 0
3 245 32 0
3 246 32 0
3 247 32 0
3 248 32 0
3 249 32 0
3 250 32 0
3 251 32 0
3 252 32 0
3 253 32 0
3 254 32 0
3 255 32 0
4 0 16 0
4 1 16 8
4 2 16 6
4 3 16 4
4 4 16 0
4 5 16 0
4 6 16 0
4 7 16 0
4 8 16 0
4 9 16 0
4 10 16 0
4 11 16 0
4 12 16 0
4 13 16 0
4 14 16 0
4 15 16 0
4 16 16 0
4 17 16 0
4 18 16 0
4 19 16 0
4 20 16 0
4 21 16 0
4 22 16 0
4 23 16 0
4 24 16 0
4 25 16 0
4 26 16 0
4 27 16 0
4 28 16 0
4 29 16 0
4 30 16 0
4 31 16 0
4 32 16 0
4 33 16 0
4 34 16 0
4 35 16 0
4 36 16 0
4 37 16 0
4 38 16 0
4 39 16 0
4 40 16 0
4 41 16 0
4 42 16 0
4 43 16 0
4 44 16 0
4 45 16 0
4 46 16 0
4 47 16 0
4 48 16 0
4 49 16 0
4 50 16 0
4 51 16 0
4 52 16 0
4 53 16 0
4 54 16 0
4 55 16 0
4 56 16 0
4 57 16 0
4 58 16 0
4 59 16 0
4 60 16 0
4 61 16 4
4 62 16 6
4 63 16 8
4 64 16 0
4 65 16 0
4 66 16 0
4 67 16 0
4 68 16 0
4 69 16 0
4 70 16 0
4 71 16 0
4 72 16 0
4 73 16 0
4 74 16 0
4 75 16 0
4 76 16 0
4 77 16 0
4 78 16 0
4 79 16 0
4 80 16 0
4 81 16 0
4 82 16 0
4 83 16 0
4 84 16 0
4 85 16 0
4 86 16 0
4 87 16 0
4 88 16 0
4 89 16 0
4 90 16 0
4 91 16 0
4 92 16 0
4 93 16 0
4 94 16 0
4 95 16 0
4 96 16 0
4 97 16 0
4 98 16 0
4 99 16 0
4 100 16 0
4 101 16 0
4 102 16 0
4 103 16 0
4 104 16 0
4 105 16 0
4 106 16 0
4 107 16 0
4 108 16 0
4 109 16 0
4 110 16 0
4 111 16 0
4 112 16 0
4 113 16 0
4 114 16 0
4 115 16 0
4 116 16 0
4 117 16 0
4 118 16 0
4 119 16 0
4 120 16 0
4 121 16 0
4 122 16 0
4 123 16 0
4 124 16 0
4 125 16 0
4 126 16 0
4 127 16 0
4 128 16 0
4 129 16 0
4 130 16 0
4 131 16 0
4 132 16 0
4 133 16 0
4 134 16 0
4 135 16 0
4 136 16 0
4 137 16 0
4 138 16 0
4 139 16 0
4 140 16 0
4 141 16 0
4 142 16 0
4 143 16 0
4 144 16 0
4 145 16 0
4 146 16 0
4 147 16 0
4 148 16 0
4 149 16 0
4 150 16 0
4 151 16 0
4 152 16 0
4 153 16 0
4 154 16 0
4 155 16 0
4 156 16 0
4 157 16 0
4 158 16 0
4 159 16 0
4 160 16 0
4 161 16 0
4 162 16 0
4 163 16 0
4 164 16 0
4 165 16 0
4 166 16 0
4 167 16 0
4 168 16 0
4 169 16 0
4 170 16 0
4 171 16 0
4 172 16 0
4 173 16 0
4 174 16 0
4 175 16 0
4 176 16 0
4 177 16 0
4 178 16 0
4 179 16 0
4 180 16 0
4 181 16 0
4 182 16 0
4 183 16 0
4 184 16 0
4 185 16 0
4 186 16 0
4 187 16 0
4 188 16 0
4 189 16 0
4 190 16 0
4 191 16 0
4 192 16 0
4 193 16 0
4 194 16 0
4 195 16 0
4 196 16 0
4 197 16 0
4 198 16 0
4 199 16 0
4 200 16 0
4 201 16 0
4 202 16 0
4 203 16 0
4 204 16 0
4 205 16 0
4 206 16 0
4 207 16 0
4 208 16 0
4 209 16 0
4 210 16 0
4 211 16 0
4 212 16 0
4 213 16 0
4 214 16 0
4 215 16 0
4 216 16 0
4 217 16 0
4 218 16 0
4 219 16 0
4 220 16 0
4 221 16 0
4 222 16 0
4 223 16 0
4 224 16 0
4 225 16 0
4 226 16 0
4 227 16 0
4 228 16 0
4 229 16 0
4 230 16 0
4 231 16 0
4 232 16 0
4 233 16 0
4 234 16 0
4 235 16 0
4 236 16 0
4 237 16 0
4 238 16 0
4 239 16 0
4 240 16 0
4 241 16 0
4 242 16 0
4 243 16 0
4 244 16 0
4 245 16 0
4 246 16 0
4 247 16 0
4 248 16 0
4 249 16 0
4 250 16 0
4 251 16 0
4 252 16 0
4 253 16 0
4 254 16 0
4 255 16 0
5 0 32 35700
5 1 32 2cc9a
5 2 32 26666
5 3 32 1581f
5 4 32 1581f
5 5 32 1581f
5 6 32 1581f
5 7 32 1581f
5 8 32 1581f
5 9 32 1581f
5 10 32 1581f
5 11 32 35700
5 12 32 2cc9a
5 13 32 26666
5 14 32 1581f
5 15 32 1581f
5 16 32 1581f
5 17 32 1581f
5 18 32 1581f
5 19 32 1581f
5 20 32 1581f
5 21 32 1581f
7 0 16 0
7 1 16 1
7 2 16 2
7 3 16 8
7 4 16 5
7 5 16 0
7 6 16 6
7 7 16 3
7 8 16 f
7 9 16 4
7 10 16 0
7 11 16 35
7 12 16 f
7 13 16 0
7 14 16 36
7 15 16 1f
7 16 16 b3
7 17 16 4
7 18 16 3
7 19 16 6
7 20 16 5
7 21 16 0
7 22 16 2
7 23 16 1
7 24 16 8
7 25 16 2a
7 26 16 f
7 27 16 0
7 28 16 f
7 29 16 2b
7 30 16 1f
7 31 16 1f
7 32 16 4
7 33 16 3
7 34 16 6
7 35 16 5
7 36 16 2
7 37 16 1
7 38 16 8
7 39 16 2a
7 40 16 2b
7 41 16 f
7 42 16 1f
7 43 16 1f
7 44 16 1f
7 45 16 1f
7 46 16 1f
7 47 16 1f
7 48 16 2a
7 49 16 7
7 50 16 a
7 51 16 0
7 52 16 8
7 53 16 2b
7 54 16 1f
7 55 16 1f
7 64 16 2a
7 65 16 7
7 66 16 8
7 67 16 c
7 68 16 e
7 69 16 2b
7 70 16 1f
7 71 16 1f
7 80 16 2a
7 81 16 7
7 82 16 8
7 83 16 e
7 84 16 2b
7 85 16 1f
7 86 16 1f
7 87 16 1f
7 106 16 2f
7 107 16 bef
7 108 16 bef
7 110 16 bef
7 111 16 bef
7 128 16 1
7 129 16 8
7 130 16 4
7 131 16 2
7 132 16 2
7 133 16 1
7 134 16 3
7 135 16 4
7 136 16 6
7 137 16 4
7 138 16 a
7 139 16 4
7 140 16 2
7 141 16 1
7 142 16 1
7 143 16 1
7 144 16 c
7 145 16 2
7 146 16 2
7 147 16 4
7 148 16 4
7 149 16 6
7 150 16 1
7 151 16 4
7 152 16 1
7 153 16 2
7 154 16 1
7 155 16 1
7 156 16 1
7 157 16 1
7 158 16 1
7 159 16 1
7 160 16 1
7 161 16 2
7 162 16 2
7 163 16 2
7 164 16 10
7 165 16 1
7 166 16 1
7 167 16 1
7 176 16 1
7 177 16 6
7 178 16 12
7 179 16 8
7 180 16 10
7 181 16 1
7 182 16 1
7 183 16 1
7 192 16 1
7 193 16 6
7 194 16 1e
7 195 16 1c
7 196 16 1
7 197 16 1
7 198 16 1
7 199 16 1
7 249 16 c8a5
7 250 16 cca5
7 256 16 ff00
7 257 16 ff00
7 259 16 7cf
7 260 16 7cf
7 262 16 a7
7 263 16 a7
7 289 16 aaa
7 290 16 aaa
7 292 16 222
7 293 16 222
7 305 16 aaa
7 306 16 aaa
7 311 16 222
7 312 16 222
7 320 16 2280
7 321 16 2189
7 322 16 40db
7 323 16 40db
7 324 16 40db
7 325 16 4123
7 326 16 4123
7 327 16 4123
7 328 16 416b
7 329 16 416b
7 330 16 40db
7 336 16 2280
7 337 16 2189
7 338 16 40db
7 339 16 40db
7 340 16 40db
7 341 16 4123
7 342 16 4123
7 343 16 4123
7 344 16 416b
7 345 16 416b
7 346 16 40db
7 398 16 0
7 864 16 140
7 865 16 140
7 866 16 141
7 867 16 141
7 868 16 141
7 869 16 141
7 870 16 141
7 871 16 141
7 872 16 141
7 873 16 141
7 874 16 141
7 880 16 140
7 881 16 140
7 882 16 141
7 883 16 141
7 884 16 141
7 885 16 141
7 886 16 141
7 887 16 141
7 888 16 141
7 889 16 141
7 890 16 141
7 966 16 20
7 967 16 20
7 973 16 2d3
7 982 16 20
7 983 16 20
7 989 16 352
7 998 16 20
7 999 16 20
7 1018 16 2f
7 1019 16 bef
7 1020 16 bef
7 1022 16 bef
7 1023 16 bef
7 1088 16 140
7 1089 16 2192
7 1090 16 140
7 1091 16 2192
10 0 16 0
10 1 16 0
10 2 16 4
10 3 16 0
10 4 16 0
10 5 16 0
10 6 16 4
10 7 16 0
10 8 16 0
10 9 16 1
10 10 16 0
10 11 16 0
10 12 16 0
10 13 16 0
10 14 16 0
10 15 16 0
10 16 16 0
10 17 16 0
10 18 16 4
10 19 16 0
10 20 16 0
10 21 16 0
10 22 16 4
10 23 16 0
10 24 16 0
10 25 16 2
10 26 16 0
10 27 16 0
10 28 16 0
10 29 16 0
10 30 16 0
10 31 16 0
10 32 16 0
10 33 16 0
10 34 16 30
10 35 16 20
10 36 16 0
10 37 16 0
10 38 16 30
10 39 16 20
10 40 16 0
10 41 16 80
10 42 16 0
10 43 16 0
10 44 16 0
10 45 16 0
10 46 16 0
10 47 16 0
10 48 16 40
10 49 16 40
10 50 16 46
10 51 16 42
10 52 16 40
10 53 16 40
10 54 16 46
10 55 16 42
10 56 16 40
10 57 16 41
10 58 16 40
10 59 16 40
10 60 16 40
10 61 16 40
10 62 16 40
10 63 16 40
10 64 16 0
10 65 16 0
10 66 16 4
10 67 16 0
10 68 16 0
10 69 16 0
10 70 16 4
10 71 16 0
10 72 16 0
10 73 16 1
10 74 16 0
10 75 16 0
10 76 16 0
10 77 16 0
10 78 16 0
10 79 16 0
10 80 16 0
10 81 16 0
10 82 16 4
10 83 16 0
10 84 16 0
10 85 16 0
10 86 16 4
10 87 16 0
10 88 16 0
10 89 16 2
10 90 16 0
10 91 16 0
10 92 16 0
10 93 16 0
10 94 16 0
10 95 16 0
11 8 16 b
11 9 16 c
11 10 16 e
11 11 16 20
11 12 16 24
11 13 16 28
11 16 16 0
11 17 16 0
11 18 16 0
11 19 16 3
11 20 16 3
11 21 16 3
11 22 16 3
12 0 16 100
12 1 16 200
12 2 16 300
12 3 16 500
12 4 16 800
12 5 16 b00
12 6 16 1000
12 7 16 1001
12 8 16 1002
12 9 16 1003
12 10 16 1004
12 11 16 1005
12 12 16 1006
12 13 16 1007
12 14 16 1607
12 15 16 2007
12 16 16 2d07
12 17 16 4007
12 32 16 100
12 33 16 200
12 34 16 300
12 35 16 500
12 36 16 800
12 37 16 b00
12 38 16 1000
12 39 16 1600
12 40 16 2000
12 41 16 2d00
12 42 16 4000
12 43 16 4001
12 44 16 4002
12 45 16 4003
12 46 16 4004
12 47 16 4005
12 48 16 4006
12 49 16 4007
12 64 16 40
12 65 16 4
12 67 16 ff02
12 68 16 ff
12 69 16 fe06
12 72 16 b
12 73 16 11
12 75 16 101
12 76 16 ff00
12 77 16 4f3
12 95 16 acdc
12 96 16 3f
12 97 16 fff5
12 98 16 ff02
12 99 16 3f
12 100 16 a
12 101 16 ffff
12 102 16 101
12 103 16 3f
12 112 16 3f
12 113 16 fff5
12 114 16 ff02
12 115 16 3f
12 116 16 a
12 117 16 ffff
12 118 16 101
12 119 16 3f
14 0 32 2d400
14 1 32 2b3c8
14 2 32 24b96
14 3 32 1ab6e
14 4 32 e354
14 5 32 34b
14 6 32 f2354
14 7 32 e5b6e
14 8 32 dbb96
14 9 32 d53c8
14 10 32 d2c00
14 11 32 d5038
14 12 32 db86a
14 13 32 e5892
14 14 32 f20ac
14 15 32 b5
14 16 32 e0ac
14 17 32 1a892
14 18 32 2486a
14 19 32 2b038
14 20 32 2d400
14 21 32 2b3c8
14 22 32 24b96
14 23 32 1ab6e
14 24 32 e354
14 25 32 34b
14 26 32 f2354
14 27 32 e5b6e
14 28 32 dbb96
14 29 32 d53c8
14 30 32 d2c00
14 31 32 d5038
14 32 32 db86a
14 33 32 e5892
14 34 32 f20ac
14 35 32 b5
14 36 32 e0ac
14 37 32 1a892
14 38 32 2486a
14 39 32 2b038
16 1220 32 4009d1bb
16 1221 32 8013a376
16 1222 32 2746ec
16 1223 32 131
16 1224 32 0
16 1225 32 0
16 1226 32 0
16 1227 32 0
16 1228 32 34005b
16 1229 32 0
16 1230 32 9700
16 1231 32 db2540c0
16 1232 32 0
16 1233 32 0
16 1234 32 0
16 1235 32 0
16 1236 32 34005b
16 1237 32 0
16 1238 32 b64a
16 1239 32 ec3023ac
16 1240 32 0
16 1241 32 0
16 1242 32 0
16 1243 32 0
16 1244 32 34005b
16 1245 32 0
16 1246 32 69
16 1247 32 3400a5
16 1248 32 0
16 1249 32 0
16 1250 32 0
16 1251 32 0
16 1252 32 34005b
16 1253 32 0
16 1254 32 4a4a
16 1255 32 1430ddac
16 1256 32 0
16 1257 32 0
16 1258 32 0
16 1259 32 0
16 1260 32 34005b
16 1261 32 0
16 1262 32 6900
16 1263 32 2525c0c0
16 1264 32 0
16 1265 32 0
16 1266 32 0
16 1267 32 0
16 1268 32 34005b
16 1269 32 0
16 1270 32 4ab6
16 1271 32 3014acdd
16 1272 32 0
16 1273 32 0
16 1274 32 0
16 1275 32 0
16 1276 32 34005b
16 1277 32 0
16 1278 32 97
16 1279 32 3400a500
16 1280 32 0
16 1281 32 0
16 1282 32 0
16 1283 32 0
16 1284 32 34005b
16 1285 32 0
16 1286 32 b6b6
16 1287 32 30ecac23
16 1288 32 0
16 1289 32 0
16 1290 32 0
16 1291 32 0
16 1292 32 34005b
16 1293 32 0
16 1294 32 9700
16 1295 32 25dbc040
16 1296 32 0
16 1297 32 0
16 1298 32 0
16 1299 32 0
16 1300 32 34005b
16 1301 32 0
16 1302 32 b64a
16 1303 32 14d0dd54
16 1304 32 0
16 1305 32 0
16 1306 32 0
16 1307 32 0
16 1308 32 34005b
16 1309 32 0
16 1310 32 69
16 1311 32 cc005b
16 1312 32 0
16 1313 32 0
16 1314 32 0
16 1315 32 0
16 1316 32 34005b
16 1317 32 0
16 1318 32 4a4a
16 1319 32 ecd02354
16 1320 32 0
16 1321 32 0
16 1322 32 0
16 1323 32 0
16 1324 32 34005b
16 1325 32 0
16 1326 32 6900
16 1327 32 dbdb4040
16 1328 32 0
16 1329 32 0
16 1330 32 0
16 1331 32 0
16 1332 32 34005b
16 1333 32 0
16 1334 32 4ab6
16 1335 32 d0ec5423
16 1336 32 0
16 1337 32 0
16 1338 32 0
16 1339 32 0
16 1340 32 34005b
16 1341 32 0
16 1342 32 97
16 1343 32 cc005b00
16 1344 32 0
16 1345 32 0
16 1346 32 0
16 1347 32 0
16 1348 32 34005b
16 1349 32 0
16 1350 32 b6b6
16 1351 32 d01454dd
16 1352 32 0
16 1353 32 0
16 1354 32 0
16 1355 32 0
16 1356 32 34005b
16 1357 32 0
16 1358 32 9700
16 1359 32 db2540c0
16 1360 32 0
16 1361 32 0
16 1362 32 0
16 1363 32 0
16 1364 32 34005b
16 1365 32 0
16 1366 32 b64a
16 1367 32 ec3023ac
16 1368 32 0
16 1369 32 0
16 1370 32 0
16 1371 32 0
16 1372 32 34005b
16 1373 32 0
16 1374 32 69
16 1375 32 3400a5
16 1376 32 0
16 1377 32 0
16 1378 32 0
16 1379 32 0
16 1380 32 34005b
16 1381 32 0
16 1382 32 4a4a
16 1383 32 1430ddac
16 1384 32 0
16 1385 32 0
16 1386 32 0
16 1387 32 0
16 1388 32 34005b
16 1389 32 0
16 1390 32 6900
16 1391 32 2525c0c0
16 1392 32 0
16 1393 32 0
16 1394 32 0
16 1395 32 0
16 1396 32 34005b
16 1397 32 0
16 1398 32 4ab6
16 1399 32 3014acdd
16 1400 32 0
16 1401 32 0
16 1402 32 0
16 1403 32 0
16 1404 32 34005b
16 1405 32 0
16 1406 32 97
16 1407 32 3400a500
16 1408 32 0
16 1409 32 0
16 1410 32 0
16 1411 32 0
16 1412 32 34005b
16 1413 32 0
16 1414 32 b6b6
16 1415 32 30ecac23
16 1416 32 0
16 1417 32 0
16 1418 32 0
16 1419 32 0
16 1420 32 34005b
16 1421 32 0
16 1422 32 9700
16 1423 32 25dbc040
16 1424 32 0
16 1425 32 0
16 1426 32 0
16 1427 32 0
16 1428 32 34005b
16 1429 32 0
16 1430 32 b64a
16 1431 32 14d0dd54
16 1432 32 0
16 1433 32 0
16 1434 32 0
16 1435 32 0
16 1436 32 34005b
16 1437 32 0
16 1438 32 69
16 1439 32 cc005b
16 1440 32 0
16 1441 32 0
16 1442 32 0
16 1443 32 0
16 1444 32 34005b
16 1445 32 0
16 1446 32 4a4a
16 1447 32 ecd02354
16 1448 32 0
16 1449 32 0
16 1450 32 0
16 1451 32 0
16 1452 32 34005b
16 1453 32 0
16 1454 32 6900
16 1455 32 dbdb4040
16 1456 32 0
16 1457 32 0
16 1458 32 0
16 1459 32 0
16 1460 32 34005b
16 1461 32 0
16 1462 32 4ab6
33 0 32 0
33 1 32 0
33 2 32 0
33 3 32 0
33 4 32 0
33 5 32 0
33 6 32 0
33 7 32 0
33 8 32 0
33 9 32 0
33 10 32 0
33 11 32 0
33 12 32 0
33 13 32 0
33 14 32 0
33 15 32 0
33 16 32 0
33 17 32 0
33 18 32 0
33 19 32 0
33 20 32 0
33 21 32 0
33 22 32 0
33 23 32 0
64 0 16 5e
64 1 16 5e
64 2 16 5e
64 3 16 5d
64 4 16 5d
64 5 16 5d
64 6 16 5d
64 7 16 5d
64 8 16 5c
64 9 16 5c
64 10 16 5c
64 11 16 5c
64 12 16 5c
64 13 16 5c
64 14 16 5b
64 15 16 5b
64 16 16 5b
64 17 16 5b
64 18 16 5b
64 19 16 5a
64 20 16 5a
64 21 16 5a
64 22 16 5a
64 23 16 5a
64 24 16 59
64 25 16 59
64 26 16 59
64 27 16 59
64 28 16 58
64 29 16 58
64 30 16 58
64 31 16 58
64 32 16 57
64 33 16 57
64 34 16 57
64 35 16 57
64 36 16 56
64 37 16 56
64 38 16 56
64 39 16 56
64 40 16 55
64 41 16 55
64 42 16 55
64 43 16 54
64 44 16 54
64 45 16 54
64 46 16 54
64 47 16 53
64 48 16 53
64 49 16 53
64 50 16 52
64 51 16 52
64 52 16 52
64 53 16 51
64 54 16 51
64 55 16 51
64 56 16 50
64 57 16 50
64 58 16 4f
64 59 16 4f
64 60 16 4f
64 61 16 4e
64 62 16 4e
64 63 16 4d
64 64 16 4d
64 65 16 4c
64 66 16 4c
64 67 16 4c
64 68 16 4b
64 69 16 4b
64 70 16 4a
64 71 16 4a
64 72 16 49
64 73 16 49
64 74 16 48
64 75 16 48
64 76 16 47
64 77 16 46
64 78 16 46
64 79 16 45
64 80 16 45
64 81 16 44
64 82 16 43
64 83 16 43
64 84 16 42
64 85 16 41
64 86 16 41
64 87 16 40
64 88 16 3f
64 89 16 3f
64 90 16 3e
64 91 16 3d
64 92 16 3c
64 93 16 3b
64 94 16 3a
64 95 16 3a
64 96 16 39
64 97 16 38
64 98 16 37
64 99 16 36
64 100 16 35
64 101 16 34
64 102 16 33
64 103 16 31
64 104 16 30
64 105 16 2f
64 106 16 2e
64 107 16 2c
64 108 16 2b
64 109 16 2a
64 110 16 28
64 111 16 27
64 112 16 25
64 113 16 24
64 114 16 22
64 115 16 20
64 116 16 1e
64 117 16 1d
64 118 16 1b
64 119 16 19
64 120 16 16
64 121 16 14
64 122 16 12
64 123 16 f
64 124 16 d
64 125 16 a
64 126 16 7
64 127 16 4
65 0 32 0
65 1 32 0
65 2 32 0
65 3 32 0
65 4 32 0
65 5 32 0
65 6 32 0
65 7 32 0
65 8 32 0
65 9 32 0
65 10 32 0
65 11 32 0
65 12 32 0
65 13 32 0
65 14 32 0
65 15 32 0
65 16 32 0
65 17 32 0
65 18 32 0
65 19 32 0
65 20 32 0
65 21 32 0
65 22 32 0
65 23 32 0
65 24 32 0
65 25 32 0
65 26 32 0
65 27 32 0
65 28 32 0
65 29 32 0
65 30 32 0
65 31 32 0
65 32 32 0
65 33 32 0
65 34 32 0
65 35 32 0
65 36 32 0
65 37 32 0
65 38 32 0
65 39 32 0
65 40 32 0
65 41 32 0
65 42 32 0
65 43 32 0
65 44 32 0
65 45 32 0
65 46 32 0
65 47 32 0
65 48 32 0
65 49 32 0
65 50 32 0
65 51 32 0
65 52 32 0
65 53 32 0
65 54 32 0
65 55 32 0
65 56 32 0
65 57 32 0
65 58 32 0
65 59 32 0
65 60 32 0
65 61 32 0
65 62 32 0
65 63 32 0
65 64 32 0
65 65 32 0
65 66 32 0
65 67 32 0
65 68 32 0
65 69 32 0
65 70 32 0
65 71 32 0
65 72 32 0
65 73 32 0
65 74 32 0
65 75 32 0
65 76 32 0
65 77 32 0
65 78 32 0
65 79 32 0
65 80 32 0
65 81 32 0
65 82 32 0
65 83 32 0
65 84 32 0
65 85 32 0
65 86 32 0
65 87 32 0
65 88 32 0
65 89 32 0
65 90 32 0
65 91 32 0
65 92 32 0
65 93 32 0
65 94 32 0
65 95 32 0
65 96 32 0
65 97 32 0
65 98 32 0
65 99 32 0
65 100 32 0
65 101 32 0
65 102 32 0
65 103 32 0
65 104 32 0
65 105 32 0
65 106 32 0
65 107 32 0
65 108 32 0
65 109 32 0
65 110 32 0
65 111 32 0
65 112 32 0
65 113 32 0
65 114 32 0
65 115 32 0
65 116 32 0
65 117 32 0
65 118 32 0
65 119 32 0
65 120 32 0
65 121 32 0
65 122 32 0
65 123 32 0
65 124 32 0
65 125 32 0
65 126 32 0
65 127 32 0
66 0 16 0
66 1 16 0
66 2 16 0
66 3 16 0
66 4 16 0
66 5 16 0
66 6 16 0
66 7 16 0
66 8 16 0
66 9 16 0
66 10 16 0
66 11 16 0
66 12 16 0
66 13 16 0
66 14 16 0
66 15 16 0
66 16 16 0
66 17 16 0
66 18 16 0
66 19 16 0
66 20 16 0
66 21 16 0
66 22 16 0
66 23 16 0
66 24 16 0
66 25 16 0
66 26 16 0
66 27 16 0
66 28 16 0
66 29 16 0
66 30 16 0
66 31 16 0
66 32 16 0
66 33 16 0
66 34 16 0
66 35 16 0
66 36 16 0
66 37 16 0
66 38 16 0
66 39 16 0
66 40 16 0
66 41 16 0
66 42 16 0
66 43 16 0
66 44 16 0
66 45 16 0
66 46 16 0
66 47 16 0
66 48 16 0
66 49 16 0
66 50 16 0
66 51 16 0
66 52 16 0
66 53 16 0
66 54 16 0
66 55 16 0
66 56 16 0
66 57 16 0
66 58 16 0
66 59 16 0
66 60 16 0
66 61 16 0
66 62 16 0
66 63 16 0
66 64 16 0
66 65 16 0
66 66 16 0
66 67 16 0
66 68 16 0
66 69 16 0
66 70 16 0
66 71 16 0
66 72 16 0
66 73 16 0
66 74 16 0
66 75 16 0
66 76 16 0
66 77 16 0
66 78 16 0
66 79 16 0
66 80 16 0
66 81 16 0
66 82 16 0
66 83 16 0
66 84 16 0
66 85 16 0
66 86 16 0
66 87 16 0
66 88 16 0
66 89 16 0
66 90 16 0
66 91 16 0
66 92 16 0
66 93 16 0
66 94 16 0
66 95 16 0
66 96 16 0
66 97 16 0
66 98 16 0
66 99 16 0
66 100 16 0
66 101 16 0
66 102 16 0
66 103 16 0
66 104 16 0
66 105 16 0
66 106 16 0
66 107 16 0
66 108 16 0
66 109 16 0
66 110 16 0
66 111 16 0
66 112 16 0
66 113 16 0
66 114 16 0
66 115 16 0
66 116 16 0
66 117 16 0
66 118 16 0
66 119 16 0
66 120 16 0
66 121 16 0
66 122 16 0
66 123 16 0
66 124 16 0
66 125 16 0
66 126 16 0
66 127 16 0
68 0 16 e
68 1 16 e
68 8 16 ff
68 9 16 ff
68 10 16 6
68 11 16 c
68 12 16 12
68 13 16 19
68 16 16 f8
68 17 16 f8
68 18 16 fc
68 19 16 ff
68 20 16 2
68 21 16 2
68 22 16 2
68 32 16 3
68 33 16 3
68 34 16 3
68 35 16 3
68 36 16 3
68 37 16 3
68 38 16 3
68 39 16 3
68 40 16 3
68 41 16 3
69 8 16 1
69 9 16 1
69 10 16 2
69 11 16 3
69 12 16 4
69 13 16 5
69 16 16 1
69 17 16 1
69 18 16 2
69 19 16 3
69 20 16 4
69 21 16 4
69 22 16 4
69 32 16 2
69 33 16 2
69 34 16 2
69 35 16 2
69 36 16 2
69 37 16 2
69 38 16 2
69 39 16 2
69 40 16 2
69 41 16 2
71 0 32 0
71 1 32 3fdfffe
71 2 32 2003
71 3 32 3fe4001
71 4 32 3ff000a
71 5 32 3fea003
71 6 32 3fe7fff
71 7 32 3fe9fff
71 8 32 3fee00a
71 9 32 29
71 10 32 1403c
71 11 32 2004b
71 12 32 3a04b
71 13 32 4a04e
71 14 32 5e051
71 15 32 7004a
71 16 32 8003f
71 17 32 92034
71 18 32 aa02f
71 19 32 ba024
71 20 32 d2022
71 21 32 e8021
71 22 32 10001e
71 23 32 11e01c
71 24 32 13c018
71 25 32 152014
71 26 32 172010
71 27 32 19200a
71 28 32 1a7ff9
71 29 32 1bffe9
71 30 32 1d7fd9
71 31 32 1f1fc9
71 32 32 20bfb9
71 33 32 21ffa7
71 34 32 233f95
71 35 32 243f84
71 36 32 257f73
71 37 32 269f63
71 38 32 283f57
71 39 32 2a1f53
71 40 32 2bff4c
71 41 32 2e3f4a
71 42 32 2fbf3e
71 43 32 30ff2f
71 44 32 321f21
71 45 32 339f12
71 46 32 34df02
71 47 32 359eee
71 48 32 35ded8
71 49 32 361ec1
71 50 32 36beac
71 51 32 373e96
71 52 32 37de82
71 53 32 3e5ea3
71 54 32 4b5ef3
71 55 32 56bf29
71 56 32 61bf51
71 57 32 723fb9
71 58 32 926203
71 59 32 1308ef5
71 60 32 152cfff
71 61 32 1516fff
71 62 32 14f6fff
71 63 32 14e6fff
72 0 32 b5e002d
72 1 32 ae2002f
72 2 32 a3b0032
72 3 32 9a70035
72 4 32 9220038
72 5 32 8ab003b
72 6 32 81f003f
72 7 32 7a20043
72 8 32 7340047
72 9 32 6d2004b
72 10 32 67a004f
72 11 32 6170054
72 12 32 5bf0059
72 13 32 571005e
72 14 32 51e0064
72 15 32 4d3006a
72 16 32 4910070
72 17 32 44c0077
72 18 32 40f007e
72 19 32 3d90085
72 20 32 3a1008d
72 21 32 36f0095
72 22 32 33d009e
72 23 32 30b00a8
72 24 32 2e000b2
72 25 32 2b900bc
72 26 32 29200c7
72 27 32 26d00d3
72 28 32 24900e0
72 29 32 22900ed
72 30 32 20a00fb
72 31 32 1ec010a
72 32 32 1d20119
72 33 32 1b7012a
72 34 32 19e013c
72 35 32 188014e
72 36 32 1720162
72 37 32 15d0177
72 38 32 149018e
72 39 32 13701a5
72 40 32 12601be
72 41 32 11501d8
72 42 32 10601f4
72 43 32 f70212
72 44 32 e90231
72 45 32 dc0253
72 46 32 d00276
72 47 32 c4029b
72 48 32 b902c3
72 49 32 af02ed
72 50 32 a50319
72 51 32 9c0348
72 52 32 93037a
72 53 32 8b03af
72 54 32 8303e6
72 55 32 7c0422
72 56 32 750460
72 57 32 6e04a3
72 58 32 6804e9
72 59 32 620533
72 60 32 5d0582
72 61 32 5805d6
72 62 32 53062e
72 63 32 4e068c
96 0 16 5f
96 1 16 5f
96 2 16 5f
96 3 16 5f
96 4 16 5e
96 5 16 5e
96 6 16 5e
96 7 16 5e
96 8 16 5e
96 9 16 5e
96 10 16 5e
96 11 16 5d
96 12 16 5d
96 13 16 5d
96 14 16 5d
96 15 16 5d
96 16 16 5d
96 17 16 5c
96 18 16 5c
96 19 16 5c
96 20 16 5c
96 21 16 5c
96 22 16 5b
96 23 16 5b
96 24 16 5b
96 25 16 5b
96 26 16 5b
96 27 16 5a
96 28 16 5a
96 29 16 5a
96 30 16 5a
96 31 16 5a
96 32 16 59
96 33 16 59
96 34 16 59
96 35 16 59
96 36 16 59
96 37 16 58
96 38 16 58
96 39 16 58
96 40 16 58
96 41 16 57
96 42 16 57
96 43 16 57
96 44 16 57
96 45 16 56
96 46 16 56
96 47 16 56
96 48 16 55
96 49 16 55
96 50 16 55
96 51 16 55
96 52 16 54
96 53 16 54
96 54 16 54
96 55 16 53
96 56 16 53
96 57 16 53
96 58 16 52
96 59 16 52
96 60 16 52
96 61 16 51
96 62 16 51
96 63 16 50
96 64 16 50
96 65 16 50
96 66 16 4f
96 67 16 4f
96 68 16 4e
96 69 16 4e
96 70 16 4e
96 71 16 4d
96 72 16 4d
96 73 16 4c
96 74 16 4c
96 75 16 4b
96 76 16 4b
96 77 16 4a
96 78 16 4a
96 79 16 49
96 80 16 48
96 81 16 48
96 82 16 47
96 83 16 47
96 84 16 46
96 85 16 45
96 86 16 45
96 87 16 44
96 88 16 43
96 89 16 43
96 90 16 42
96 91 16 41
96 92 16 40
96 93 16 40
96 94 16 3f
96 95 16 3e
96 96 16 3d
96 97 16 3c
96 98 16 3b
96 99 16 3a
96 100 16 39
96 101 16 38
96 102 16 37
96 103 16 36
96 104 16 35
96 105 16 34
96 106 16 33
96 107 16 31
96 108 16 30
96 109 16 2f
96 110 16 2d
96 111 16 2c
96 112 16 2a
96 113 16 28
96 114 16 27
96 115 16 25
96 116 16 23
96 117 16 21
96 118 16 1f
96 119 16 1d
96 120 16 1b
96 121 16 18
96 122 16 16
96 123 16 13
96 124 16 10
96 125 16 d
96 126 16 a
96 127 16 7
97 0 32 0
97 1 32 0
97 2 32 0
97 3 32 0
97 4 32 0
97 5 32 0
97 6 32 0
97 7 32 0
97 8 32 0
97 9 32 0
97 10 32 0
97 11 32 0
97 12 32 0
97 13 32 0
97 14 32 0
97 15 32 0
97 16 32 0
97 17 32 0
97 18 32 0
97 19 32 0
97 20 32 0
97 21 32 0
97 22 32 0
97 23 32 0
97 24 32 0
97 25 32 0
97 26 32 0
97 27 32 0
97 28 32 0
97 29 32 0
97 30 32 0
97 31 32 0
97 32 32 0
97 33 32 0
97 34 32 0
97 35 32 0
97 36 32 0
97 37 32 0
97 38 32 0
97 39 32 0
97 40 32 0
97 41 32 0
97 42 32 0
97 43 32 0
97 44 32 0
97 45 32 0
97 46 32 0
97 47 32 0
97 48 32 0
97 49 32 0
97 50 32 0
97 51 32 0
97 52 32 0
97 53 32 0
97 54 32 0
97 55 32 0
97 56 32 0
97 57 32 0
97 58 32 0
97 59 32 0
97 60 32 0
97 61 32 0
97 62 32 0
97 63 32 0
97 64 32 0
97 65 32 0
97 66 32 0
97 67 32 0
97 68 32 0
97 69 32 0
97 70 32 0
97 71 32 0
97 72 32 0
97 73 32 0
97 74 32 0
97 75 32 0
97 76 32 0
97 77 32 0
97 78 32 0
97 79 32 0
97 80 32 0
97 81 32 0
97 82 32 0
97 83 32 0
97 84 32 0
97 85 32 0
97 86 32 0
97 87 32 0
97 88 32 0
97 89 32 0
97 90 32 0
97 91 32 0
97 92 32 0
97 93 32 0
97 94 32 0
97 95 32 0
97 96 32 0
97 97 32 0
97 98 32 0
97 99 32 0
97 100 32 0
97 101 32 0
97 102 32 0
97 103 32 0
97 104 32 0
97 105 32 0
97 106 32 0
97 107 32 0
97 108 32 0
97 109 32 0
97 110 32 0
97 111 32 0
97 112 32 0
97 113 32 0
97 114 32 0
97 115 32 0
97 116 32 0
97 117 32 0
97 118 32 0
97 119 32 0
97 120 32 0
97 121 32 0
97 122 32 0
97 123 32 0
97 124 32 0
97 125 32 0
97 126 32 0
97 127 32 0
98 0 16 0
98 1 16 0
98 2 16 0
98 3 16 0
98 4 16 0
98 5 16 0
98 6 16 0
98 7 16 0
98 8 16 0
98 9 16 0
98 10 16 0
98 11 16 0
98 12 16 0
98 13 16 0
98 14 16 0
98 15 16 0
98 16 16 0
98 17 16 0
98 18 16 0
98 19 16 0
98 20 16 0
98 21 16 0
98 22 16 0
98 23 16 0
98 24 16 0
98 25 16 0
98 26 16 0
98 27 16 0
98 28 16 0
98 29 16 0
98 30 16 0
98 31 16 0
98 32 16 0
98 33 16 0
98 34 16 0
98 35 16 0
98 36 16 0
98 37 16 0
98 38 16 0
98 39 16 0
98 40 16 0
98 41 16 0
98 42 16 0
98 43 16 0
98 44 16 0
98 45 16 0
98 46 16 0
98 47 16 0
98 48 16 0
98 49 16 0
98 50 16 0
98 51 16 0
98 52 16 0
98 53 16 0
98 54 16 0
98 55 16 0
98 56 16 0
98 57 16 0
98 58 16 0
98 59 16 0
98 60 16 0
98 61 16 0
98 62 16 0
98 63 16 0
98 64 16 0
98 65 16 0
98 66 16 0
98 67 16 0
98 68 16 0
98 69 16 0
98 70 16 0
98 71 16 0
98 72 16 0
98 73 16 0
98 74 16 0
98 75 16 0
98 76 16 0
98 77 16 0
98 78 16 0
98 79 16 0
98 80 16 0
98 81 16 0
98 82 16 0
98 83 16 0
98 84 16 0
98 85 16 0
98 86 16 0
98 87 16 0
98 88 16 0
98 89 16 0
98 90 16 0
98 91 16 0
98 92 16 0
98 93 16 0
98 94 16 0
98 95 16 0
98 96 16 0
98 97 16 0
98 98 16 0
98 99 16 0
98 100 16 0
98 101 16 0
98 102 16 0
98 103 16 0
98 104 16 0
98 105 16 0
98 106 16 0
98 107 16 0
98 108 16 0
98 109 16 0
98 110 16 0
98 111 16 0
98 112 16 0
98 113 16 0
98 114 16 0
98 115 16 0
98 116 16 0
98 117 16 0
98 118 16 0
98 119 16 0
98 120 16 0
98 121 16 0
98 122 16 0
98 123 16 0
98 124 16 0
98 125 16 0
98 126 16 0
98 127 16 0
100 0 16 c
100 1 16 c
100 8 16 ff
100 9 16 ff
100 10 16 6
100 11 16 c
100 12 16 12
100 13 16 19
100 16 16 f8
100 17 16 f8
100 18 16 fc
100 19 16 ff
100 20 16 2
100 21 16 2
100 22 16 2
100 32 16 3
100 33 16 3
100 34 16 3
100 35 16 3
100 36 16 3
100 37 16 3
100 38 16 3
100 39 16 3
100 40 16 3
100 41 16 3
101 8 16 1
101 9 16 1
101 10 16 2
101 11 16 3
101 12 16 4
101 13 16 5
101 16 16 1
101 17 16 1
101 18 16 2
101 19 16 3
101 20 16 4
101 21 16 4
101 22 16 4
101 32 16 2
101 33 16 2
101 34 16 2
101 35 16 2
101 36 16 2
101 37 16 2
101 38 16 2
101 39 16 2
101 40 16 2
101 41 16 2
103 0 32 0
103 1 32 3fdfffe
103 2 32 2003
103 3 32 3fe4001
103 4 32 3ff000a
103 5 32 3fea003
103 6 32 3fe7fff
103 7 32 3fe9fff
103 8 32 3fee00a
103 9 32 29
103 10 32 1403c
103 11 32 2004b
103 12 32 3a04b
103 13 32 4a04e
103 14 32 5e051
103 15 32 7004a
103 16 32 8003f
103 17 32 92034
103 18 32 aa02f
103 19 32 ba024
103 20 32 d2022
103 21 32 e8021
103 22 32 10001e
103 23 32 11e01c
103 24 32 13c018
103 25 32 152014
103 26 32 172010
103 27 32 19200a
103 28 32 1a7ff9
103 29 32 1bffe9
103 30 32 1d7fd9
103 31 32 1f1fc9
103 32 32 20bfb9
103 33 32 21ffa7
103 34 32 233f95
103 35 32 243f84
103 36 32 257f73
103 37 32 269f63
103 38 32 283f57
103 39 32 2a1f53
103 40 32 2bff4c
103 41 32 2e3f4a
103 42 32 2fbf3e
103 43 32 30ff2f
103 44 32 321f21
103 45 32 339f12
103 46 32 34df02
103 47 32 359eee
103 48 32 35ded8
103 49 32 361ec1
103 50 32 36beac
103 51 32 373e96
103 52 32 37de82
103 53 32 3e5ea3
103 54 32 4b5ef3
103 55 32 56bf29
103 56 32 61bf51
103 57 32 723fb9
103 58 32 926203
103 59 32 1308ef5
103 60 32 152cfff
103 61 32 1516fff
103 62 32 14f6fff
103 63 32 14e6fff
104 0 32 b5e002d
104 1 32 ae2002f
104 2 32 a3b0032
104 3 32 9a70035
104 4 32 9220038
104 5 32 8ab003b
104 6 32 81f003f
104 7 32 7a20043
104 8 32 7340047
104 9 32 6d2004b
104 10 32 67a004f
104 11 32 6170054
104 12 32 5bf0059
104 13 32 571005e
104 14 32 51e0064
104 15 32 4d3006a
104 16 32 4910070
104 17 32 44c0077
104 18 32 40f007e
104 19 32 3d90085
104 20 32 3a1008d
104 21 32 36f0095
104 22 32 33d009e
104 23 32 30b00a8
104 24 32 2e000b2
104 25 32 2b900bc
104 26 32 29200c7
104 27 32 26d00d3
104 28 32 24900e0
104 29 32 22900ed
104 30 32 20a00fb
104 31 32 1ec010a
104 32 32 1d20119
104 33 32 1b7012a
104 34 32 19e013c
104 35 32 188014e
104 36 32 1720162
104 37 32 15d0177
104 38 32 149018e
104 39 32 13701a5
104 40 32 12601be
104 41 32 11501d8
104 42 32 10601f4
104 43 32 f70212
104 44 32 e90231
104 45 32 dc0253
104 46 32 d00276
104 47 32 c4029b
104 48 32 b902c3
104 49 32 af02ed
104 50 32 a50319
104 51 32 9c0348
104 52 32 93037a
104 53 32 8b03af
104 54 32 8303e6
104 55 32 7c0422
104 56 32 750460
104 57 32 6e04a3
104 58 32 6804e9
104 59 32 620533
104 60 32 5d0582
104 61 32 5805d6
104 62 32 53062e
104 63 32 4e068c
128 0 16 48
128 1 16 47
128 2 16 46
128 3 16 44
128 4 16 43
128 5 16 42
128 6 16 40
128 7 16 3f
128 8 16 3e
128 9 16 3c
128 10 16 3a
128 11 16 38
128 12 16 37
128 13 16 35
128 14 16 33
128 15 16 31
128 16 16 2e
128 17 16 2c
128 18 16 2a
128 19 16 27
128 20 16 24
128 21 16 20
128 22 16 1d
128 23 16 19
128 24 16 19
128 25 16 19
128 26 16 19
128 27 16 14
128 28 16 14
128 29 16 14
128 30 16 f
128 31 16 f
128 32 16 f
128 33 16 8
128 34 16 8
128 35 16 8
128 36 16 8
128 37 16 1
128 38 16 1
128 39 16 1
128 40 16 1
128 41 16 1
128 42 16 fff7
128 43 16 fff7
128 44 16 fff7
128 45 16 fff7
128 46 16 fff7
128 47 16 fff7
128 48 16 fff7
128 49 16 ffe8
128 50 16 ffe8
128 51 16 ffe8
128 52 16 ffe8
128 53 16 ffe8
128 54 16 ffe8
128 55 16 ffe8
128 56 16 ffe8
128 57 16 ffe8
128 58 16 ffe8
128 59 16 ffe8
128 60 16 ffe8
128 61 16 ffd0
128 62 16 ffd0
128 63 16 ffd0
128 64 16 ffd0
128 65 16 ffd0
128 66 16 ffd0
128 67 16 ffd0
128 68 16 ffd0
128 69 16 ffd0
128 70 16 ffd0
128 71 16 ffd0
128 72 16 ffd0
128 73 16 ffd0
128 74 16 ffd0
128 75 16 ffd0
128 76 16 ffd0
128 77 16 ffd0
128 78 16 ffd0
128 79 16 ffd0
128 80 16 ffd0
128 81 16 ffd0
128 82 16 ffd0
128 83 16 ffd0
128 84 16 ffd0
128 85 16 ffd0
128 86 16 ffd0
128 87 16 ffd0
128 88 16 ffd0
128 89 16 ffd0
128 90 16 ffd0
128 91 16 ffd0
128 92 16 ffd0
128 93 16 ffd0
128 94 16 ffd0
128 95 16 ffd0
128 96 16 ffd0
128 97 16 ffd0
128 98 16 ffd0
128 99 16 ffd0
128 100 16 ffd0
128 101 16 ffd0
128 102 16 ffd0
128 103 16 ffd0
128 104 16 ffd0
128 105 16 ffd0
128 106 16 ffd0
128 107 16 ffd0
128 108 16 ffd0
128 109 16 ffd0
128 110 16 ffd0
128 111 16 ffd0
128 112 16 ffd0
128 113 16 ffd0
128 114 16 ffd0
128 115 16 ffd0
128 116 16 ffd0
128 117 16 ffd0
128 118 16 ffd0
128 119 16 ffd0
128 120 16 ffd0
128 121 16 ffd0
128 122 16 ffd0
128 123 16 ffd0
128 124 16 ffd0
128 125 16 ffd0
128 126 16 ffd0
128 127 16 ffd0
129 0 32 0
129 1 32 0
129 2 32 0
129 3 32 0
129 4 32 0
129 5 32 0
129 6 32 0
129 7 32 0
129 8 32 0
129 9 32 0
129 10 32 0
129 11 32 0
129 12 32 0
129 13 32 0
129 14 32 0
129 15 32 0
129 16 32 0
129 17 32 0
129 18 32 0
129 19 32 0
129 20 32 0
129 21 32 0
129 22 32 0
129 23 32 0
129 24 32 0
129 25 32 0
129 26 32 0
129 27 32 0
129 28 32 0
129 29 32 0
129 30 32 0
129 31 32 0
129 32 32 0
129 33 32 0
129 34 32 0
129 35 32 0
129 36 32 0
129 37 32 0
129 38 32 0
129 39 32 0
129 40 32 0
129 41 32 0
129 42 32 0
129 43 32 0
129 44 32 0
129 45 32 0
129 46 32 0
129 47 32 0
129 48 32 0
129 49 32 0
129 50 32 0
129 51 32 0
129 52 32 0
129 53 32 0
129 54 32 0
129 55 32 0
129 56 32 0
129 57 32 0
129 58 32 0
129 59 32 0
129 60 32 0
129 61 32 0
129 62 32 0
129 63 32 0
129 64 32 0
129 65 32 0
129 66 32 0
129 67 32 0
129 68 32 0
129 69 32 0
129 70 32 0
129 71 32 0
129 72 32 0
129 73 32 0
129 74 32 0
129 75 32 0
129 76 32 0
129 77 32 0
129 78 32 0
129 79 32 0
129 80 32 0
129 81 32 0
129 82 32 0
129 83 32 0
129 84 32 0
129 85 32 0
129 86 32 0
129 87 32 0
129 88 32 0
129 89 32 0
129 90 32 0
129 91 32 0
129 92 32 0
129 93 32 0
129 94 32 0
129 95 32 0
129 96 32 0
129 97 32 0
129 98 32 0
129 99 32 0
129 100 32 0
129 101 32 0
129 102 32 0
129 103 32 0
129 104 32 0
129 105 32 0
129 106 32 0
129 107 32 0
129 108 32 0
129 109 32 0
129 110 32 0
129 111 32 0
129 112 32 0
129 113 32 0
129 114 32 0
129 115 32 0
129 116 32 0
129 117 32 0
129 118 32 0
129 119 32 0
129 120 32 0
129 121 32 0
129 122 32 0
129 123 32 0
129 124 32 0
129 125 32 0
129 126 32 0
129 127 32 0
130 0 16 0
130 1 16 0
130 2 16 0
130 3 16 0
130 4 16 0
130 5 16 0
130 6 16 0
130 7 16 0
130 8 16 0
130 9 16 0
130 10 16 0
130 11 16 0
130 12 16 0
130 13 16 0
130 14 16 0
130 15 16 0
130 16 16 0
130 17 16 0
130 18 16 0
130 19 16 0
130 20 16 0
130 21 16 0
130 22 16 0
130 23 16 0
130 24 16 0
130 25 16 0
130 26 16 0
130 27 16 0
130 28 16 0
130 29 16 0
130 30 16 0
130 31 16 0
130 32 16 0
130 33 16 0
130 34 16 0
130 35 16 0
130 36 16 0
130 37 16 0
130 38 16 0
130 39 16 0
130 40 16 0
130 41 16 0
130 42 16 0
130 43 16 0
130 44 16 0
130 45 16 0
130 46 16 0
130 47 16 0
130 48 16 0
130 49 16 0
130 50 16 0
130 51 16 0
130 52 16 0
130 53 16 0
130 54 16 0
130 55 16 0
130 56 16 0
130 57 16 0
130 58 16 0
130 59 16 0
130 60 16 0
130 61 16 0
130 62 16 0
130 63 16 0
130 64 16 0
130 65 16 0
130 66 16 0
130 67 16 0
130 68 16 0
130 69 16 0
130 70 16 0
130 71 16 0
130 72 16 0
130 73 16 0
130 74 16 0
130 75 16 0
130 76 16 0
130 77 16 0
130 78 16 0
130 79 16 0
130 80 16 0
130 81 16 0
130 82 16 0
130 83 16 0
130 84 16 0
130 85 16 0
130 86 16 0
130 87 16 0
130 88 16 0
130 89 16 0
130 90 16 0
130 91 16 0
130 92 16 0
130 93 16 0
130 94 16 0
130 95 16 0
130 96 16 0
130 97 16 0
130 98 16 0
130 99 16 0
130 100 16 0
130 101 16 0
130 102 16 0
130 103 16 0
130 104 16 0
130 105 16 0
130 106 16 0
130 107 16 0
130 108 16 0
130 109 16 0
130 110 16 0
130 111 16 0
130 112 16 0
130 113 16 0
130 114 16 0
130 115 16 0
130 116 16 0
130 117 16 0
130 118 16 0
130 119 16 0
130 120 16 0
130 121 16 0
130 122 16 0
130 123 16 0
130 124 16 0
130 125 16 0
130 126 16 0
130 127 16 0
135 0 32 0
135 1 32 3fdfffe
135 2 32 2003
135 3 32 3fe4001
135 4 32 3ff000a
135 5 32 3fea003
135 6 32 3fe7fff
135 7 32 3fe9fff
135 8 32 3fee00a
135 9 32 29
135 10 32 1403c
135 11 32 2004b
135 12 32 3a04b
135 13 32 4a04e
135 14 32 5e051
135 15 32 7004a
135 16 32 8003f
135 17 32 92034
135 18 32 aa02f
135 19 32 ba024
135 20 32 d2022
135 21 32 e8021
135 22 32 10001e
135 23 32 11e01c
135 24 32 13c018
135 25 32 152014
135 26 32 172010
135 27 32 19200a
135 28 32 1a7ff9
135 29 32 1bffe9
135 30 32 1d7fd9
135 31 32 1f1fc9
135 32 32 20bfb9
135 33 32 21ffa7
135 34 32 233f95
135 35 32 243f84
135 36 32 257f73
135 37 32 269f63
135 38 32 283f57
135 39 32 2a1f53
135 40 32 2bff4c
135 41 32 2e3f4a
135 42 32 2fbf3e
135 43 32 30ff2f
135 44 32 321f21
135 45 32 339f12
135 46 32 34df02
135 47 32 359eee
135 48 32 35ded8
135 49 32 361ec1
135 50 32 36beac
135 51 32 373e96
135 52 32 37de82
135 53 32 3e5ea3
135 54 32 4b5ef3
135 55 32 56bf29
135 56 32 61bf51
135 57 32 723fb9
135 58 32 926203
135 59 32 1308ef5
135 60 32 152cfff
135 61 32 1516fff
135 62 32 14f6fff
135 63 32 14e6fff
136 0 32 b5e002d
136 1 32 ae2002f
136 2 32 a3b0032
136 3 32 9a70035
136 4 32 9220038
136 5 32 8ab003b
136 6 32 81f003f
136 7 32 7a20043
136 8 32 7340047
136 9 32 6d2004b
136 10 32 67a004f
136 11 32 6170054
136 12 32 5bf0059
136 13 32 571005e
136 14 32 51e0064
136 15 32 4d3006a
136 16 32 4910070
136 17 32 44c0077
136 18 32 40f007e
136 19 32 3d90085
136 20 32 3a1008d
136 21 32 36f0095
136 22 32 33d009e
136 23 32 30b00a8
136 24 32 2e000b2
136 25 32 2b900bc
136 26 32 29200c7
136 27 32 26d00d3
136 28 32 24900e0
136 29 32 22900ed
136 30 32 20a00fb
136 31 32 1ec010a
136 32 32 1d20119
136 33 32 1b7012a
136 34 32 19e013c
136 35 32 188014e
136 36 32 1720162
136 37 32 15d0177
136 38 32 149018e
136 39 32 13701a5
136 40 32 12601be
136 41 32 11501d8
136 42 32 10601f4
136 43 32 f70212
136 44 32 e90231
136 45 32 dc0253
136 46 32 d00276
136 47 32 c4029b
136 48 32 b902c3
136 49 32 af02ed
136 50 32 a50319
136 51 32 9c0348
136 52 32 93037a
136 53 32 8b03af
136 54 32 8303e6
136 55 32 7c0422
136 56 32 750460
136 57 32 6e04a3
136 58 32 6804e9
136 59 32 620533
136 60 32 5d0582
136 61 32 5805d6
136 62 32 53062e
136 63 32 4e068c
