1 000c 00c0
1 000e 000a
1 0010 0009
1 0012 0001
1 001c 0183
1 0022 0040
1 0032 0032
1 0050 0001
1 0052 000b
1 005a 0f0f
1 005e 0110
1 0060 0000
1 0062 1140
1 0064 0480
1 0078 0060
1 0094 0200
1 0096 0400
1 00a0 1006
1 00a4 0000
1 00b4 0000
1 00b8 7148
1 00d4 8081
1 00d6 0000
1 0180 0527
1 0182 01f4
1 01f0 04ee
1 01f2 04ee
1 01f4 04da
1 01f6 04c6
1 01f8 04ee
1 01fa 04ee
1 01fc 04da
1 01fe 04c6
1 0228 0524
1 022e 0532
1 0234 0516
1 023c 0540
1 0240 0000
1 0242 000f
1 0244 03ff
1 0246 000f
1 0248 0007
1 024a 000f
1 024c 0016
1 024e 0100
1 0250 0000
1 0252 0000
1 0254 0000
1 0256 0000
1 0258 0000
1 025a 0000
1 025c 0000
1 025e 0000
1 0260 0000
1 0262 000f
1 0264 03ff
1 0266 000f
1 0268 0003
1 026a 0001
1 026c 0004
1 026e 0103
1 0270 0000
1 0272 0000
1 0274 0000
1 0276 0000
1 0278 0000
1 027a 0000
1 027c 0000
1 027e 0000
1 0280 0bc0
1 0282 0007
1 0284 000f
1 0286 0007
1 0288 0002
1 028a 0002
1 028c 0004
1 028e 0100
1 0290 0000
1 0292 0000
1 0294 0000
1 0296 0000
1 0298 0000
1 029a 0000
1 029c 0000
1 029e 0000
1 02a0 05e0
1 02a2 0003
1 02a4 0007
1 02a6 0003
1 02a8 0002
1 02aa 0000
1 02ac 0002
1 02ae 0100
1 02b0 0000
1 02b2 0000
1 02b4 0000
1 02b6 0000
1 02b8 0000
1 02ba 0000
1 02bc 0000
1 02be 0000
1 0308 0000
1 030a 0000
1 030c 0000
1 030e 0000
1 0310 0000
1 0312 0000
1 05d4 0001
1 05d6 0001
1 05d8 0001
1 05da 0003
1 05dc 0000
1 05de 0000
1 05e2 0015
1 05e4 0020
1 05e8 0040
1 0668 1000
1 0822 1001
1 0824 8491
1 0992 003c
1 099a 0000
1 099c 0054
1 099e 0044
1 09a0 0014
1 09a2 01cf
1 09a4 0002
1 09a6 0034
1 09ae 0000
1 09b0 0044
1 09b2 003c
1 09ba 0030
1 09c2 0000
1 09c4 003c
1 09c6 0034
1 09ce 002c
1 09d6 0000
1 09d8 0034
1 09da 0030
1 09e2 002c
1 09ea 0000
1 09ec 0030
1 09ee 002c
1 09f6 0028
1 09fe 0000
1 0a00 002c
1 0a02 002c
1 0a0a 0028
1 0a12 0000
1 0a14 002c
1 0a16 0028
1 0a1e 0028
1 0a26 0000
1 0a28 002c
1 0a2a 0028
1 0a3a 0000
1 0a56 0000
1 0a72 0000
1 0a8e 0000
1 1104 c3fb
1 1106 a85e
1 1108 3f31
1 110a ea60
1 110c f225
1 110e fea8
1 1110 1214
1 1112 b15c
1 1114 0000
1 1116 0000
1 1118 0000
1 111a 0000
1 111c 0000
1 111e 0000
1 1120 0000
1 1122 0000
1 1134 0000
1 1136 0000
1 1138 0000
1 113a 0000
1 113c 0000
1 113e 0000
1 1140 0000
1 1142 0000
1 17d2 042b
1 17d4 0100
2 000c 000f
2 0010 03ff
4 0000 0000
4 0002 0000
4 0004 0000
4 0006 0004
4 01f0 6a8c
4 01f2 9e8d
4 01f4 882a
4 01f6 8006
4 01f8 3884
4 01fa 4d35
4 01fc 6e18
4 01fe 8008
