0 0000 0000
0 0002 0000
1 0000 0340
1 0002 007f
1 000c 00c0
1 000e 000a
1 0010 0009
1 0012 0001
1 0014 0000
1 0016 002a
1 001c 0183
1 0022 0040
1 0030 0500
1 0032 0032
1 003c 000a
1 0044 0003
1 0046 0002
1 0050 0001
1 0052 000b
1 0054 000a
1 0056 0000
1 005a 0f0f
1 005c 000a
1 005e 0100
1 0060 0000
1 0062 0040
1 0064 0480
1 0068 c000
1 006a 0000
1 0074 0000
1 0076 0b96
1 0078 0060
1 007c 0320
1 0080 0008
1 0082 2710
1 0090 040a
1 0092 0a2a
1 0094 0200
1 0096 0400
1 00a0 e36a
1 00a4 0000
1 00b4 0000
1 00b6 0000
1 00b8 7148
1 00ba ffff
1 00c0 8c05
1 00c2 b051
1 00cc 0000
1 00ce 0000
1 00d4 8088
1 00d6 0000
1 0160 4449
1 0162 0000
1 0180 0527
1 0182 01f4
1 0184 0000
1 01c0 0002
1 01c2 0000
1 01f0 04ee
1 01f2 04ee
1 01f4 04da
1 01f6 04c6
1 01f8 04ee
1 01fa 04ee
1 01fc 04da
1 01fe 04c6
1 0228 0524
1 022e 0532
1 0234 0516
1 023c 0540
1 0240 0000
1 0242 000f
1 0244 03ff
1 0246 000f
1 0248 0007
1 024a 0006
1 024c 000d
1 024e 0100
1 0250 0000
1 0252 0000
1 0254 0000
1 0256 0000
1 0258 0000
1 025a 0000
1 025c 0000
1 025e 0000
1 0260 0000
1 0262 000f
1 0264 03ff
1 0266 000f
1 0268 0003
1 026a 0005
1 026c 0008
1 026e 0100
1 0270 0000
1 0272 0000
1 0274 0000
1 0276 0000
1 0278 0000
1 027a 0000
1 027c 0000
1 027e 0000
1 0280 0bc0
1 0282 0007
1 0284 000f
1 0286 0007
1 0288 0002
1 028a 0001
1 028c 0003
1 028e 0100
1 0290 0000
1 0292 0000
1 0294 0000
1 0296 0000
1 0298 0000
1 029a 0000
1 029c 0000
1 029e 0000
1 02a0 05e0
1 02a2 0003
1 02a4 0007
1 02a6 0003
1 02a8 0002
1 02aa 0000
1 02ac 0002
1 02ae 0100
1 02b0 0000
1 02b2 0000
1 02b4 0000
1 02b6 0000
1 02b8 0000
1 02ba 0000
1 02bc 0000
1 02be 0000
1 02e0 0000
1 02e2 1730
1 02ec 0000
1 02ee 000e
1 0300 2637
1 0302 2637
1 0304 2637
1 0306 2637
1 0308 0000
1 030a 0000
1 030c 0000
1 030e 0000
1 0310 0000
1 0312 0000
1 05d4 0003
1 05d6 0001
1 05d8 0003
1 05da 0003
1 05dc 0000
1 05de 0000
1 05e0 0000
1 05e2 0015
1 05e4 0000
1 05e6 0000
1 05e8 0045
1 05ea 0000
1 05ec 0000
1 05ee 0000
1 05f0 0000
1 05f2 0000
1 05f4 0000
1 05f6 0000
1 05f8 0000
1 05fa 0000
1 05fc 0000
1 05fe 0000
1 0600 0000
1 0602 0000
1 0604 0000
1 0606 0000
1 0608 0000
1 060a 0000
1 060c 0000
1 060e 0000
1 0610 0000
1 0612 0000
1 0614 0000
1 0616 0000
1 0618 0000
1 061a 0000
1 061c 0000
1 061e 0000
1 0620 0000
1 0622 0000
1 0624 0000
1 0626 0000
1 0628 0000
1 062a 0000
1 062c 0000
1 062e 0000
1 0630 0000
1 0632 0000
1 0634 0000
1 0636 0000
1 0638 0000
1 063a 0000
1 063c 0000
1 063e 0000
1 0640 0000
1 0642 0000
1 0644 0000
1 0646 0000
1 0648 0000
1 064a 0000
1 064c 0000
1 064e 0000
1 0650 0000
1 0652 0000
1 0654 0000
1 0656 0000
1 0658 0000
1 065a 0000
1 065c 0000
1 065e 0000
1 0660 0000
1 0662 0000
1 0664 0000
1 0666 0000
1 0668 1000
1 06f0 07c4
1 06f2 0000
1 0704 20d8
1 0706 0000
1 0728 ffff
1 072a ffff
1 078c 3884
1 078e 4d35
1 0790 6e18
1 0810 8492
1 0812 0000
1 0822 1001
1 0824 8491
1 0834 8492
1 0836 0000
1 0854 8492
1 0856 0000
1 0874 8492
1 0876 0000
1 0894 8492
1 0896 0000
1 08b4 8492
1 08b6 0000
1 08d4 8492
1 08d6 0000
1 08f4 186a
1 08f6 0000
1 08f8 0001
1 08fc 80c2
1 090a 41c2
1 090c 0000
1 090e 0017
1 0910 024b
1 0912 0097
1 0914 0500
1 0916 0000
1 0918 80c3
1 0934 3475
1 0936 3475
1 0938 3475
1 093a 217c
1 093c 237b
1 093e 217c
1 0940 217c
1 0942 217c
1 0944 3276
1 0946 3276
1 0948 3475
1 094a 187e
1 094c 217c
1 094e 167e
1 0950 1d7d
1 0952 1f7c
1 098c 0410
1 098e 0000
1 0992 003c
1 099a 0000
1 099c 0054
1 099e 0044
1 09a0 0014
1 09a2 01cf
1 09a4 0002
1 09a6 0034
1 09a8 0064
1 09aa 0000
1 09ae 0000
1 09b0 0044
1 09b2 003c
1 09b4 0054
1 09b6 0000
1 09ba 0030
1 09c2 0000
1 09c4 003c
1 09c6 0034
1 09c8 0044
1 09ca 0000
1 09ce 002c
1 09d6 0000
1 09d8 0034
1 09da 0030
1 09dc 003c
1 09de 0000
1 09e2 002c
1 09ea 0000
1 09ec 0030
1 09ee 002c
1 09f0 0034
1 09f2 0000
1 09f6 0028
1 09fe 0000
1 0a00 002c
1 0a02 002c
1 0a04 0030
1 0a06 0000
1 0a0a 0028
1 0a12 0000
1 0a14 002c
1 0a16 0028
1 0a18 0030
1 0a1a 0000
1 0a1e 0028
1 0a26 0000
1 0a28 002c
1 0a2a 0028
1 0a2c 0003
1 0a2e 0001
1 0a3a 00d8
1 0a56 00d8
1 0a72 00d8
1 0a8e 00d8
1 0ef4 0000
1 0f3c 07a4
1 0f3e 07a4
1 1088 0000
1 108a 0000
1 10a0 0e0d
1 10a2 0000
1 10c4 0000
1 10c6 000c
1 10f4 0000
1 10f6 0000
1 10f8 0000
1 10fa 0000
1 10fc 0000
1 10fe 0000
1 1100 0000
1 1102 0000
1 1104 c3fb
1 1106 a85e
1 1108 3f31
1 110a ea60
1 110c f225
1 110e fea8
1 1110 1214
1 1112 b15c
1 1114 0000
1 1116 0000
1 1118 0000
1 111a 0000
1 111c 0000
1 111e 0000
1 1120 0000
1 1122 0000
1 1124 0000
1 1126 0000
1 1128 0000
1 112a 0000
1 112c 0000
1 112e 0000
1 1130 0000
1 1132 0000
1 1134 45e0
1 1136 123d
1 1138 823e
1 113a 9344
1 113c 3cc1
1 113e ca89
1 1140 8151
1 1142 0a26
1 1144 0000
1 1146 0000
1 1148 0000
1 114a 0000
1 114c 0000
1 114e 0000
1 1150 0000
1 1152 0000
1 1154 0000
1 1156 0000
1 1158 0000
1 115a 0000
1 115c 0000
1 115e 0000
1 1160 0000
1 1162 0000
1 1164 0000
1 1166 0000
1 1168 0000
1 116a 0000
1 116c 0000
1 116e 0000
1 1170 0000
1 1172 0000
1 1174 0000
1 1176 0000
1 1178 0000
1 117a 0000
1 117c 0000
1 117e 0000
1 1180 0000
1 1182 0000
1 1184 0000
1 1186 0000
1 1188 0000
1 118a 0000
1 118c 0000
1 118e 0000
1 1190 0000
1 1192 0000
1 1194 0000
1 1196 0000
1 1198 0000
1 119a 0000
1 119c 0000
1 119e 0000
1 11a0 0000
1 11a2 0000
1 11a4 0000
1 11a6 0000
1 11a8 0000
1 11aa 0000
1 11ac 0000
1 11ae 0000
1 11b0 0000
1 11b2 0000
1 11b4 0000
1 11b6 0000
1 11b8 0000
1 11ba 0000
1 11bc 0000
1 11be 0000
1 11c0 0000
1 11c2 0000
1 11c4 0000
1 11c6 0000
1 11c8 0000
1 11ca 0000
1 11cc 0000
1 11ce 0000
1 11d0 0000
1 11d2 0000
1 11d4 0000
1 11d6 0000
1 11d8 0000
1 11da 0000
1 11dc 0000
1 11de 0000
1 11e0 0000
1 11e2 0000
1 11e4 0000
1 11e6 0000
1 11e8 0000
1 11ea 0000
1 11ec 0000
1 11ee 0000
1 11f0 0000
1 11f2 0000
1 11f4 0000
1 11f6 0000
1 11f8 0000
1 11fa 0000
1 11fc 0000
1 11fe 0000
1 1200 0000
1 1202 0000
1 1204 0000
1 1206 0000
1 1208 0000
1 120a 0000
1 120c 0000
1 120e 0000
1 1210 0000
1 1212 0000
1 1214 0000
1 1216 0000
1 1218 0000
1 121a 0000
1 121c 0000
1 121e 0000
1 1220 0000
1 1222 0000
1 1224 0000
1 1226 0000
1 1228 0000
1 122a 0000
1 122c 0000
1 122e 0000
1 1230 0000
1 1232 0000
1 1234 0000
1 1236 0000
1 1238 0000
1 123a 0000
1 123c 0000
1 123e 0000
1 1240 0000
1 1242 0000
1 1244 0000
1 1246 0000
1 1248 0000
1 124a 0000
1 124c 0000
1 124e 0000
1 1250 0000
1 1252 0000
1 1254 0000
1 1256 0000
1 1258 0000
1 125a 0000
1 125c 0000
1 125e 0000
1 1260 0000
1 1262 0000
1 1264 0000
1 1266 0000
1 1268 0000
1 126a 0000
1 126c 0000
1 126e 0000
1 1270 0000
1 1272 0000
1 1274 0000
1 1276 0000
1 1278 0000
1 127a 0000
1 127c 0000
1 127e 0000
1 1280 0000
1 1282 0000
1 1284 0000
1 1286 0000
1 1288 0000
1 128a 0000
1 128c 0000
1 128e 0000
1 1290 0000
1 1292 0000
1 1294 0000
1 1296 0000
1 1298 0000
1 129a 0000
1 129c 0000
1 129e 0000
1 12a0 0000
1 12a2 0000
1 12a4 0000
1 12a6 0000
1 12a8 0000
1 12aa 0000
1 12ac 0000
1 12ae 0000
1 12b0 0000
1 12b2 0000
1 12b4 0000
1 12b6 0000
1 12b8 0000
1 12ba 0000
1 12bc 0000
1 12be 0000
1 12c0 0000
1 12c2 0000
1 12c4 0000
1 12c6 0000
1 12c8 0000
1 12ca 0000
1 12cc 0000
1 12ce 0000
1 12d0 0000
1 12d2 0000
1 12d4 0000
1 12d6 0000
1 12d8 0000
1 12da 0000
1 12dc 0000
1 12de 0000
1 12e0 0000
1 12e2 0000
1 12e4 0000
1 12e6 0000
1 12e8 0000
1 12ea 0000
1 12ec 0000
1 12ee 0000
1 12f0 0000
1 12f2 0000
1 12f4 0000
1 12f6 0000
1 12f8 0000
1 12fa 0000
1 12fc 0000
1 12fe 0000
1 1300 0000
1 1302 0000
1 1304 0000
1 1306 0000
1 1308 0000
1 130a 0000
1 130c 0000
1 130e 0000
1 1310 0000
1 1312 0000
1 1314 0000
1 1316 0000
1 1318 0000
1 131a 0000
1 131c 0000
1 131e 0000
1 1320 0000
1 1322 0000
1 1324 0000
1 1326 0000
1 1328 0000
1 132a 0000
1 132c 0000
1 132e 0000
1 1330 0000
1 1332 0000
1 1334 0000
1 1336 0000
1 1338 0000
1 133a 0000
1 133c 0000
1 133e 0000
1 1340 0000
1 1342 0000
1 1344 0000
1 1346 0000
1 1348 0000
1 134a 0000
1 134c 0000
1 134e 0000
1 1350 0000
1 1352 0000
1 1354 0000
1 1356 0000
1 1358 0000
1 135a 0000
1 135c 0000
1 135e 0000
1 1360 0000
1 1362 0000
1 1364 0000
1 1366 0000
1 1368 0000
1 136a 0000
1 136c 0000
1 136e 0000
1 1370 0000
1 1372 0000
1 1374 0000
1 1376 0000
1 1378 0000
1 137a 0000
1 137c 0000
1 137e 0000
1 1380 0000
1 1382 0000
1 1384 0000
1 1386 0000
1 1388 0000
1 138a 0000
1 138c 0000
1 138e 0000
1 1390 0000
1 1392 0000
1 1394 0000
1 1396 0000
1 1398 0000
1 139a 0000
1 139c 0000
1 139e 0000
1 13a0 0000
1 13a2 0000
1 13a4 0000
1 13a6 0000
1 13a8 0000
1 13aa 0000
1 13ac 0000
1 13ae 0000
1 13b0 0000
1 13b2 0000
1 13b4 0000
1 13b6 0000
1 13b8 0000
1 13ba 0000
1 13bc 0000
1 13be 0000
1 13c0 0000
1 13c2 0000
1 13c4 0000
1 13c6 0000
1 13c8 0000
1 13ca 0000
1 13cc 0000
1 13ce 0000
1 13d0 0000
1 13d2 0000
1 13d4 0000
1 13d6 0000
1 13d8 0000
1 13da 0000
1 13dc 0000
1 13de 0000
1 13e0 0000
1 13e2 0000
1 13e4 0000
1 13e6 0000
1 13e8 0000
1 13ea 0000
1 13ec 0000
1 13ee 0000
1 13f0 0000
1 13f2 0000
1 13f4 0000
1 13f6 0000
1 13f8 0000
1 13fa 0000
1 13fc 0000
1 13fe 0000
1 1400 0000
1 1402 0000
1 1404 0000
1 1406 0000
1 1408 0000
1 140a 0000
1 140c 0000
1 140e 0000
1 1410 0000
1 1412 0000
1 1414 0000
1 1416 0000
1 1418 0000
1 141a 0000
1 141c 0000
1 141e 0000
1 1420 0000
1 1422 0000
1 1424 0000
1 1426 0000
1 1428 0000
1 142a 0000
1 142c 0000
1 142e 0000
1 1430 0000
1 1432 0000
1 1434 0000
1 1436 0000
1 1438 0000
1 143a 0000
1 143c 0000
1 143e 0000
1 1440 0000
1 1442 0000
1 1444 0000
1 1446 0000
1 1448 0000
1 144a 0000
1 144c 0000
1 144e 0000
1 1450 0000
1 1452 0000
1 1594 7530
1 1596 001e
1 15b8 c350
1 15ba 0000
1 15c0 0753
1 15c2 0000
1 15d0 01f4
1 15d2 0004
1 15e8 172c
1 15ea 00ff
1 1604 0000
1 1606 0fa0
1 1610 0002
1 1612 0000
1 1638 0bb8
1 163a 0000
1 164c 0000
1 164e 4e20
1 1654 7530
1 1656 0000
1 17d2 042b
1 17d4 0100
1 17e4 0000
1 17e6 0010
1 1814 0002
1 1816 0281
2 000c 000f
2 000e 0000
2 0010 03ff
2 0012 0000
2 0014 001f
2 0016 0000
2 0018 0007
2 001a 0000
2 001c 0006
2 001e 0000
2 0020 ffff
2 0022 0000
2 0024 0000
2 0026 0000
2 0028 0000
2 002a 0000
2 002c 0000
2 002e 0000
2 0030 0000
2 0032 0000
2 0034 0000
2 0036 0000
2 0038 0000
2 003a 0000
2 003c 0000
2 003e 0000
2 0040 001f
2 0042 0000
2 0044 0000
2 0046 0000
2 0048 0000
2 004a 0000
2 004c 0000
2 004e 0000
2 0054 0000
2 0056 0000
2 0058 0000
2 005a 0000
2 0060 0007
2 0062 0000
4 0000 6a8c
4 0002 9e8d
4 0004 902a
4 0006 8004
4 0008 0000
4 000a 0000
4 000c 0000
4 000e 0000
4 0010 0000
4 0012 0000
4 0014 0000
4 0016 0000
4 0018 0000
4 001a 0000
4 001c 0000
4 001e 0000
4 0020 0000
4 0022 0000
4 0024 0000
4 0026 0000
4 0028 0000
4 002a 0000
4 002c 0000
4 002e 0000
4 0030 0000
4 0032 0000
4 0034 0000
4 0036 0000
4 0038 0000
4 003a 0000
4 003c 0000
4 003e 0000
4 0040 0000
4 0042 0000
4 0044 0000
4 0046 0000
4 0048 0000
4 004a 0000
4 004c 0000
4 004e 0000
4 0050 0000
4 0052 0000
4 0054 0000
4 0056 0000
4 0058 0000
4 005a 0000
4 005c 0000
4 005e 0000
4 0060 0000
4 0062 0000
4 0064 0000
4 0066 0000
4 0068 0000
4 006a 0000
4 006c 0000
4 006e 0000
4 0070 0000
4 0072 0000
4 0074 0000
4 0076 0000
4 0078 0000
4 007a 0000
4 007c 0000
4 007e 0000
4 0080 0000
4 0082 0000
4 0084 0000
4 0086 0000
4 0088 0000
4 008a 0000
4 008c 0000
4 008e 0000
4 0090 0000
4 0092 0000
4 0094 0000
4 0096 0000
4 0098 0000
4 009a 0000
4 009c 0000
4 009e 0000
4 00a0 0000
4 00a2 0000
4 00a4 0000
4 00a6 0000
4 00a8 0000
4 00aa 0000
4 00ac 0000
4 00ae 0000
4 00b0 0000
4 00b2 0000
4 00b4 0000
4 00b6 0000
4 00b8 0000
4 00ba 0000
4 00bc 0000
4 00be 0000
4 00c0 0000
4 00c2 0000
4 00c4 0000
4 00c6 0000
4 00c8 0000
4 00ca 0000
4 00cc 0000
4 00ce 0000
4 00d0 0000
4 00d2 0000
4 00d4 0000
4 00d6 0000
4 00d8 0000
4 00da 0000
4 00dc 0000
4 00de 0000
4 00e0 0000
4 00e2 0000
4 00e4 0000
4 00e6 0000
4 00e8 0000
4 00ea 0000
4 00ec 0000
4 00ee 0000
4 00f0 0000
4 00f2 0000
4 00f4 0000
4 00f6 0000
4 00f8 0000
4 00fa 0000
4 00fc 0000
4 00fe 0000
4 0100 0000
4 0102 0000
4 0104 0000
4 0106 0000
4 0108 0000
4 010a 0000
4 010c 0000
4 010e 0000
4 0110 0000
4 0112 0000
4 0114 0000
4 0116 0000
4 0118 0000
4 011a 0000
4 011c 0000
4 011e 0000
4 0120 0000
4 0122 0000
4 0124 0000
4 0126 0000
4 0128 0000
4 012a 0000
4 012c 0000
4 012e 0000
4 0130 0000
4 0132 0000
4 0134 0000
4 0136 0000
4 0138 0000
4 013a 0000
4 013c 0000
4 013e 0000
4 0140 0000
4 0142 0000
4 0144 0000
4 0146 0000
4 0148 0000
4 014a 0000
4 014c 0000
4 014e 0000
4 0150 0000
4 0152 0000
4 0154 0000
4 0156 0000
4 0158 0000
4 015a 0000
4 015c 0000
4 015e 0000
4 0160 0000
4 0162 0000
4 0164 0000
4 0166 0000
4 0168 0000
4 016a 0000
4 016c 0000
4 016e 0000
4 0170 0000
4 0172 0000
4 0174 0000
4 0176 0000
4 0178 0000
4 017a 0000
4 017c 0000
4 017e 0000
4 0180 0000
4 0182 0000
4 0184 0000
4 0186 0000
4 0188 0000
4 018a 0000
4 018c 0000
4 018e 0000
4 0190 0000
4 0192 0000
4 0194 0000
4 0196 0000
4 0198 0000
4 019a 0000
4 019c 0000
4 019e 0000
4 01a0 0000
4 01a2 0000
4 01a4 0000
4 01a6 0000
4 01a8 0000
4 01aa 0000
4 01ac 0000
4 01ae 0000
4 01b0 0000
4 01b2 0000
4 01b4 0000
4 01b6 0000
4 01b8 0000
4 01ba 0000
4 01bc 0000
4 01be 0000
4 01c0 0000
4 01c2 0000
4 01c4 0000
4 01c6 0000
4 01c8 0000
4 01ca 0000
4 01cc 0000
4 01ce 0000
4 01d0 0000
4 01d2 0000
4 01d4 0000
4 01d6 0000
4 01d8 0000
4 01da 0000
4 01dc 0000
4 01de 0000
4 01e0 0000
4 01e2 0000
4 01e4 0000
4 01e6 0000
4 01e8 0000
4 01ea 0000
4 01ec 0000
4 01ee 0000
4 01f0 6a8c
4 01f2 9e8d
4 01f4 902a
4 01f6 8006
4 01f8 3884
4 01fa 4d35
4 01fc 6e18
4 01fe 8008
