0000 0004
0001 2069
0002 0088
0003 0087
0004 0097
0005 0079
000e 0005
0017 0011
001a 0014
001b 0280
001c 0044
001e 0010
001f 0000
0020 0000
0021 0004
0022 0000
0023 0201
0024 0203
0025 0074
002c 61c1
0033 41d1
003a 0000
003d 0000
0043 000c
0045 70bf
0049 0030
004e 8012
0065 0000
006f 0000
011d 0000
0121 2000
0122 4230
0126 0100
0127 0002
0144 0003
015f 2000
0161 4100
0166 0000
016e 0003
0170 0100
0171 2000
0202 0078
0203 0079
0204 0079
0205 00e2
020e 0005
0217 0011
021a 0014
021b 0280
021c 0044
021e 0010
021f 0000
0220 0000
0221 0004
0222 0000
0223 0201
0224 0003
0225 00ba
022c 61a1
0233 41d1
023a 0000
023d 0000
0243 000c
0245 70bf
0249 0030
024e 8012
0265 0000
026f 0000
031d 0000
0321 2000
0322 4230
0326 0100
0327 0002
0344 0003
035f 2000
0361 4100
0366 0000
036e 0003
0370 0100
0371 2000
0407 8302
040b 0168
040c 0201
0410 0f89
0411 4055
0413 0010
0414 0a80
0415 0b56
0416 01eb
0548 0001
054b 0100
055e 0020
0645 70bf
08c9 0006
08cc ff02
08d0 0000
08dc 0e65
08e5 0000
08e8 0000
08ea 00bf
08ec 06df
08ed 4124
090b 0100
096b d800
096c 0000
